2.000000000000000042e-02 5.000000000000000104e-03 2.000000000000000000e+00 2.000000000000000000e+00 1.692340932775788120e+00
2.000000000000000042e-02 5.000000000000000104e-03 2.000000000000000000e+00 2.000000000000000000e+00 1.701900538579921962e+00
2.000000000000000042e-02 5.000000000000000104e-03 2.000000000000000000e+00 2.000000000000000000e+00 1.722019695022130037e+00
2.000000000000000042e-02 5.000000000000000104e-03 2.000000000000000000e+00 2.000000000000000000e+00 1.723379456866525938e+00
2.000000000000000042e-02 5.000000000000000104e-03 2.000000000000000000e+00 2.000000000000000000e+00 1.707975434105728718e+00
2.000000000000000042e-02 5.000000000000000104e-03 2.000000000000000000e+00 3.000000000000000000e+00 1.669943747207933926e+00
2.000000000000000042e-02 5.000000000000000104e-03 2.000000000000000000e+00 3.000000000000000000e+00 1.889812635269317198e+00
2.000000000000000042e-02 5.000000000000000104e-03 2.000000000000000000e+00 3.000000000000000000e+00 1.741746725652446148e+00
2.000000000000000042e-02 5.000000000000000104e-03 2.000000000000000000e+00 3.000000000000000000e+00 1.718730771214968422e+00
2.000000000000000042e-02 5.000000000000000104e-03 2.000000000000000000e+00 3.000000000000000000e+00 1.796812661795315957e+00
2.000000000000000042e-02 5.000000000000000104e-03 2.000000000000000000e+00 4.000000000000000000e+00 1.323676353099787040e+00
2.000000000000000042e-02 5.000000000000000104e-03 2.000000000000000000e+00 4.000000000000000000e+00 1.445682289622820749e+00
2.000000000000000042e-02 5.000000000000000104e-03 2.000000000000000000e+00 4.000000000000000000e+00 1.375493983005982690e+00
2.000000000000000042e-02 5.000000000000000104e-03 2.000000000000000000e+00 4.000000000000000000e+00 1.613175772259400675e+00
2.000000000000000042e-02 5.000000000000000104e-03 2.000000000000000000e+00 4.000000000000000000e+00 1.374244089839400162e+00
2.000000000000000042e-02 5.000000000000000104e-03 2.000000000000000000e+00 5.000000000000000000e+00 1.310223956177961391e+00
2.000000000000000042e-02 5.000000000000000104e-03 2.000000000000000000e+00 5.000000000000000000e+00 9.483099051394421330e-01
2.000000000000000042e-02 5.000000000000000104e-03 2.000000000000000000e+00 5.000000000000000000e+00 1.297249293865961217e+00
2.000000000000000042e-02 5.000000000000000104e-03 2.000000000000000000e+00 5.000000000000000000e+00 1.213279787400249443e+00
2.000000000000000042e-02 5.000000000000000104e-03 2.000000000000000000e+00 5.000000000000000000e+00 1.295884944576940478e+00
2.000000000000000042e-02 5.000000000000000104e-03 3.000000000000000000e+00 2.000000000000000000e+00 1.688421931737345894e+00
2.000000000000000042e-02 5.000000000000000104e-03 3.000000000000000000e+00 2.000000000000000000e+00 1.677397923743860764e+00
2.000000000000000042e-02 5.000000000000000104e-03 3.000000000000000000e+00 2.000000000000000000e+00 1.647513318264383519e+00
2.000000000000000042e-02 5.000000000000000104e-03 3.000000000000000000e+00 2.000000000000000000e+00 1.689433590044687961e+00
2.000000000000000042e-02 5.000000000000000104e-03 3.000000000000000000e+00 2.000000000000000000e+00 1.671110449004907794e+00
2.000000000000000042e-02 5.000000000000000104e-03 3.000000000000000000e+00 3.000000000000000000e+00 1.812746799178927004e+00
2.000000000000000042e-02 5.000000000000000104e-03 3.000000000000000000e+00 3.000000000000000000e+00 1.744455071251770573e+00
2.000000000000000042e-02 5.000000000000000104e-03 3.000000000000000000e+00 3.000000000000000000e+00 1.684380561963005007e+00
2.000000000000000042e-02 5.000000000000000104e-03 3.000000000000000000e+00 3.000000000000000000e+00 1.734257344701180648e+00
2.000000000000000042e-02 5.000000000000000104e-03 3.000000000000000000e+00 3.000000000000000000e+00 1.857108953858754852e+00
2.000000000000000042e-02 5.000000000000000104e-03 3.000000000000000000e+00 4.000000000000000000e+00 1.355024386904331246e+00
2.000000000000000042e-02 5.000000000000000104e-03 3.000000000000000000e+00 4.000000000000000000e+00 1.295594620284484799e+00
2.000000000000000042e-02 5.000000000000000104e-03 3.000000000000000000e+00 4.000000000000000000e+00 1.262793100595144935e+00
2.000000000000000042e-02 5.000000000000000104e-03 3.000000000000000000e+00 4.000000000000000000e+00 1.396848105604455936e+00
2.000000000000000042e-02 5.000000000000000104e-03 3.000000000000000000e+00 4.000000000000000000e+00 1.355041277721236170e+00
2.000000000000000042e-02 5.000000000000000104e-03 3.000000000000000000e+00 5.000000000000000000e+00 1.160924007154275683e+00
2.000000000000000042e-02 5.000000000000000104e-03 3.000000000000000000e+00 5.000000000000000000e+00 9.720756953858430416e-01
2.000000000000000042e-02 5.000000000000000104e-03 3.000000000000000000e+00 5.000000000000000000e+00 8.505922736294706521e-01
2.000000000000000042e-02 5.000000000000000104e-03 3.000000000000000000e+00 5.000000000000000000e+00 1.056637099817372416e+00
2.000000000000000042e-02 5.000000000000000104e-03 3.000000000000000000e+00 5.000000000000000000e+00 1.248478778523547383e+00
2.000000000000000042e-02 5.000000000000000104e-03 4.000000000000000000e+00 2.000000000000000000e+00 1.688925866110878582e+00
2.000000000000000042e-02 5.000000000000000104e-03 4.000000000000000000e+00 2.000000000000000000e+00 1.684383510191417743e+00
2.000000000000000042e-02 5.000000000000000104e-03 4.000000000000000000e+00 2.000000000000000000e+00 1.677184889570349835e+00
2.000000000000000042e-02 5.000000000000000104e-03 4.000000000000000000e+00 2.000000000000000000e+00 1.694723527850845679e+00
2.000000000000000042e-02 5.000000000000000104e-03 4.000000000000000000e+00 2.000000000000000000e+00 1.663218350722013517e+00
2.000000000000000042e-02 5.000000000000000104e-03 4.000000000000000000e+00 3.000000000000000000e+00 1.707427335759059694e+00
2.000000000000000042e-02 5.000000000000000104e-03 4.000000000000000000e+00 3.000000000000000000e+00 1.609713111383524575e+00
2.000000000000000042e-02 5.000000000000000104e-03 4.000000000000000000e+00 3.000000000000000000e+00 1.732485121969800979e+00
2.000000000000000042e-02 5.000000000000000104e-03 4.000000000000000000e+00 3.000000000000000000e+00 1.715612210929074566e+00
2.000000000000000042e-02 5.000000000000000104e-03 4.000000000000000000e+00 3.000000000000000000e+00 1.754556135549902418e+00
2.000000000000000042e-02 5.000000000000000104e-03 4.000000000000000000e+00 4.000000000000000000e+00 1.347956084188600245e+00
2.000000000000000042e-02 5.000000000000000104e-03 4.000000000000000000e+00 4.000000000000000000e+00 1.391529352098836547e+00
2.000000000000000042e-02 5.000000000000000104e-03 4.000000000000000000e+00 4.000000000000000000e+00 1.337587253820289313e+00
2.000000000000000042e-02 5.000000000000000104e-03 4.000000000000000000e+00 4.000000000000000000e+00 1.449423632937047568e+00
2.000000000000000042e-02 5.000000000000000104e-03 4.000000000000000000e+00 4.000000000000000000e+00 1.492571467150968445e+00
2.000000000000000042e-02 5.000000000000000104e-03 4.000000000000000000e+00 5.000000000000000000e+00 9.512926894881090778e-01
2.000000000000000042e-02 5.000000000000000104e-03 4.000000000000000000e+00 5.000000000000000000e+00 9.289549576911124706e-01
2.000000000000000042e-02 5.000000000000000104e-03 4.000000000000000000e+00 5.000000000000000000e+00 1.033143485997295441e+00
2.000000000000000042e-02 5.000000000000000104e-03 4.000000000000000000e+00 5.000000000000000000e+00 1.026565883840672821e+00
2.000000000000000042e-02 5.000000000000000104e-03 4.000000000000000000e+00 5.000000000000000000e+00 1.011588678741301317e+00
2.000000000000000042e-02 1.000000000000000021e-02 2.000000000000000000e+00 2.000000000000000000e+00 1.706154511945181307e+00
2.000000000000000042e-02 1.000000000000000021e-02 2.000000000000000000e+00 2.000000000000000000e+00 1.651442562533531833e+00
2.000000000000000042e-02 1.000000000000000021e-02 2.000000000000000000e+00 2.000000000000000000e+00 1.705857219621210952e+00
2.000000000000000042e-02 1.000000000000000021e-02 2.000000000000000000e+00 2.000000000000000000e+00 1.695020695844514202e+00
2.000000000000000042e-02 1.000000000000000021e-02 2.000000000000000000e+00 2.000000000000000000e+00 1.690810393407478074e+00
2.000000000000000042e-02 1.000000000000000021e-02 2.000000000000000000e+00 3.000000000000000000e+00 1.700879058906014762e+00
2.000000000000000042e-02 1.000000000000000021e-02 2.000000000000000000e+00 3.000000000000000000e+00 1.719823378833358341e+00
2.000000000000000042e-02 1.000000000000000021e-02 2.000000000000000000e+00 3.000000000000000000e+00 1.695566364635010759e+00
2.000000000000000042e-02 1.000000000000000021e-02 2.000000000000000000e+00 3.000000000000000000e+00 1.706170303345858175e+00
2.000000000000000042e-02 1.000000000000000021e-02 2.000000000000000000e+00 3.000000000000000000e+00 1.751042196715715260e+00
2.000000000000000042e-02 1.000000000000000021e-02 2.000000000000000000e+00 4.000000000000000000e+00 1.372747910745096167e+00
2.000000000000000042e-02 1.000000000000000021e-02 2.000000000000000000e+00 4.000000000000000000e+00 1.309745607917839338e+00
2.000000000000000042e-02 1.000000000000000021e-02 2.000000000000000000e+00 4.000000000000000000e+00 1.345531260531647400e+00
2.000000000000000042e-02 1.000000000000000021e-02 2.000000000000000000e+00 4.000000000000000000e+00 1.210972321460033863e+00
2.000000000000000042e-02 1.000000000000000021e-02 2.000000000000000000e+00 4.000000000000000000e+00 1.384901988051616462e+00
2.000000000000000042e-02 1.000000000000000021e-02 2.000000000000000000e+00 5.000000000000000000e+00 9.592554371841212069e-01
2.000000000000000042e-02 1.000000000000000021e-02 2.000000000000000000e+00 5.000000000000000000e+00 1.004974643704647841e+00
2.000000000000000042e-02 1.000000000000000021e-02 2.000000000000000000e+00 5.000000000000000000e+00 9.453429444630216949e-01
2.000000000000000042e-02 1.000000000000000021e-02 2.000000000000000000e+00 5.000000000000000000e+00 9.699656424069315053e-01
2.000000000000000042e-02 1.000000000000000021e-02 2.000000000000000000e+00 5.000000000000000000e+00 1.112003721566514836e+00
2.000000000000000042e-02 1.000000000000000021e-02 3.000000000000000000e+00 2.000000000000000000e+00 1.721653369116496135e+00
2.000000000000000042e-02 1.000000000000000021e-02 3.000000000000000000e+00 2.000000000000000000e+00 1.734686587901719701e+00
2.000000000000000042e-02 1.000000000000000021e-02 3.000000000000000000e+00 2.000000000000000000e+00 1.706608378341004872e+00
2.000000000000000042e-02 1.000000000000000021e-02 3.000000000000000000e+00 2.000000000000000000e+00 1.707364091067157252e+00
2.000000000000000042e-02 1.000000000000000021e-02 3.000000000000000000e+00 2.000000000000000000e+00 1.716200769949696836e+00
2.000000000000000042e-02 1.000000000000000021e-02 3.000000000000000000e+00 3.000000000000000000e+00 1.709933284367212147e+00
2.000000000000000042e-02 1.000000000000000021e-02 3.000000000000000000e+00 3.000000000000000000e+00 1.628819220062262874e+00
2.000000000000000042e-02 1.000000000000000021e-02 3.000000000000000000e+00 3.000000000000000000e+00 1.658414106953211897e+00
2.000000000000000042e-02 1.000000000000000021e-02 3.000000000000000000e+00 3.000000000000000000e+00 1.707812327369978345e+00
2.000000000000000042e-02 1.000000000000000021e-02 3.000000000000000000e+00 3.000000000000000000e+00 1.696332522723298153e+00
2.000000000000000042e-02 1.000000000000000021e-02 3.000000000000000000e+00 4.000000000000000000e+00 1.224865529787140916e+00
2.000000000000000042e-02 1.000000000000000021e-02 3.000000000000000000e+00 4.000000000000000000e+00 1.255246977706786282e+00
2.000000000000000042e-02 1.000000000000000021e-02 3.000000000000000000e+00 4.000000000000000000e+00 1.173383079400175166e+00
2.000000000000000042e-02 1.000000000000000021e-02 3.000000000000000000e+00 4.000000000000000000e+00 1.212192642006452603e+00
2.000000000000000042e-02 1.000000000000000021e-02 3.000000000000000000e+00 4.000000000000000000e+00 1.271869351165875850e+00
2.000000000000000042e-02 1.000000000000000021e-02 3.000000000000000000e+00 5.000000000000000000e+00 9.550423895050474954e-01
2.000000000000000042e-02 1.000000000000000021e-02 3.000000000000000000e+00 5.000000000000000000e+00 9.708928261354534683e-01
2.000000000000000042e-02 1.000000000000000021e-02 3.000000000000000000e+00 5.000000000000000000e+00 9.891898786500763485e-01
2.000000000000000042e-02 1.000000000000000021e-02 3.000000000000000000e+00 5.000000000000000000e+00 8.883472364735125471e-01
2.000000000000000042e-02 1.000000000000000021e-02 3.000000000000000000e+00 5.000000000000000000e+00 8.823516809805288519e-01
2.000000000000000042e-02 1.000000000000000021e-02 4.000000000000000000e+00 2.000000000000000000e+00 1.750151183284178735e+00
2.000000000000000042e-02 1.000000000000000021e-02 4.000000000000000000e+00 2.000000000000000000e+00 1.769005852101377174e+00
2.000000000000000042e-02 1.000000000000000021e-02 4.000000000000000000e+00 2.000000000000000000e+00 1.739483401631540804e+00
2.000000000000000042e-02 1.000000000000000021e-02 4.000000000000000000e+00 2.000000000000000000e+00 1.750899761523941667e+00
2.000000000000000042e-02 1.000000000000000021e-02 4.000000000000000000e+00 2.000000000000000000e+00 1.737293037006121033e+00
2.000000000000000042e-02 1.000000000000000021e-02 4.000000000000000000e+00 3.000000000000000000e+00 1.629505723999584488e+00
2.000000000000000042e-02 1.000000000000000021e-02 4.000000000000000000e+00 3.000000000000000000e+00 1.683874330929926000e+00
2.000000000000000042e-02 1.000000000000000021e-02 4.000000000000000000e+00 3.000000000000000000e+00 1.717859598153859801e+00
2.000000000000000042e-02 1.000000000000000021e-02 4.000000000000000000e+00 3.000000000000000000e+00 1.682311549809036189e+00
2.000000000000000042e-02 1.000000000000000021e-02 4.000000000000000000e+00 3.000000000000000000e+00 1.623110304522964897e+00
2.000000000000000042e-02 1.000000000000000021e-02 4.000000000000000000e+00 4.000000000000000000e+00 1.241829536908569454e+00
2.000000000000000042e-02 1.000000000000000021e-02 4.000000000000000000e+00 4.000000000000000000e+00 1.219631969754912948e+00
2.000000000000000042e-02 1.000000000000000021e-02 4.000000000000000000e+00 4.000000000000000000e+00 1.113678496760107883e+00
2.000000000000000042e-02 1.000000000000000021e-02 4.000000000000000000e+00 4.000000000000000000e+00 1.181130174979448499e+00
2.000000000000000042e-02 1.000000000000000021e-02 4.000000000000000000e+00 4.000000000000000000e+00 1.213913882860179871e+00
2.000000000000000042e-02 1.000000000000000021e-02 4.000000000000000000e+00 5.000000000000000000e+00 7.737143304887357242e-01
2.000000000000000042e-02 1.000000000000000021e-02 4.000000000000000000e+00 5.000000000000000000e+00 7.900792739707710455e-01
2.000000000000000042e-02 1.000000000000000021e-02 4.000000000000000000e+00 5.000000000000000000e+00 8.045360910001910781e-01
2.000000000000000042e-02 1.000000000000000021e-02 4.000000000000000000e+00 5.000000000000000000e+00 8.479572869043302541e-01
2.000000000000000042e-02 1.000000000000000021e-02 4.000000000000000000e+00 5.000000000000000000e+00 7.738865796271494624e-01
2.000000000000000042e-02 2.000000000000000042e-02 2.000000000000000000e+00 2.000000000000000000e+00 1.766845852495942504e+00
2.000000000000000042e-02 2.000000000000000042e-02 2.000000000000000000e+00 2.000000000000000000e+00 1.748103229957893801e+00
2.000000000000000042e-02 2.000000000000000042e-02 2.000000000000000000e+00 2.000000000000000000e+00 1.770045706825389864e+00
2.000000000000000042e-02 2.000000000000000042e-02 2.000000000000000000e+00 2.000000000000000000e+00 1.744938892057990687e+00
2.000000000000000042e-02 2.000000000000000042e-02 2.000000000000000000e+00 2.000000000000000000e+00 1.754224244071178385e+00
2.000000000000000042e-02 2.000000000000000042e-02 2.000000000000000000e+00 3.000000000000000000e+00 1.730183836438745626e+00
2.000000000000000042e-02 2.000000000000000042e-02 2.000000000000000000e+00 3.000000000000000000e+00 1.673443123997060633e+00
2.000000000000000042e-02 2.000000000000000042e-02 2.000000000000000000e+00 3.000000000000000000e+00 1.688475479788741573e+00
2.000000000000000042e-02 2.000000000000000042e-02 2.000000000000000000e+00 3.000000000000000000e+00 1.807279233344524894e+00
2.000000000000000042e-02 2.000000000000000042e-02 2.000000000000000000e+00 3.000000000000000000e+00 1.652564409759378794e+00
2.000000000000000042e-02 2.000000000000000042e-02 2.000000000000000000e+00 4.000000000000000000e+00 1.172190530320324386e+00
2.000000000000000042e-02 2.000000000000000042e-02 2.000000000000000000e+00 4.000000000000000000e+00 1.293265994830726795e+00
2.000000000000000042e-02 2.000000000000000042e-02 2.000000000000000000e+00 4.000000000000000000e+00 1.202062977548409073e+00
2.000000000000000042e-02 2.000000000000000042e-02 2.000000000000000000e+00 4.000000000000000000e+00 1.375460502111926386e+00
2.000000000000000042e-02 2.000000000000000042e-02 2.000000000000000000e+00 4.000000000000000000e+00 1.232724408066808275e+00
2.000000000000000042e-02 2.000000000000000042e-02 2.000000000000000000e+00 5.000000000000000000e+00 8.100146936707306455e-01
2.000000000000000042e-02 2.000000000000000042e-02 2.000000000000000000e+00 5.000000000000000000e+00 8.092370747575068357e-01
2.000000000000000042e-02 2.000000000000000042e-02 2.000000000000000000e+00 5.000000000000000000e+00 8.853682697497926579e-01
2.000000000000000042e-02 2.000000000000000042e-02 2.000000000000000000e+00 5.000000000000000000e+00 8.476525246039752215e-01
2.000000000000000042e-02 2.000000000000000042e-02 2.000000000000000000e+00 5.000000000000000000e+00 9.694481222862418868e-01
2.000000000000000042e-02 2.000000000000000042e-02 3.000000000000000000e+00 2.000000000000000000e+00 1.778176093533178737e+00
2.000000000000000042e-02 2.000000000000000042e-02 3.000000000000000000e+00 2.000000000000000000e+00 1.761892427003000305e+00
2.000000000000000042e-02 2.000000000000000042e-02 3.000000000000000000e+00 2.000000000000000000e+00 1.775677316262188388e+00
2.000000000000000042e-02 2.000000000000000042e-02 3.000000000000000000e+00 2.000000000000000000e+00 1.748396027899071559e+00
2.000000000000000042e-02 2.000000000000000042e-02 3.000000000000000000e+00 2.000000000000000000e+00 1.761581637185297478e+00
2.000000000000000042e-02 2.000000000000000042e-02 3.000000000000000000e+00 3.000000000000000000e+00 1.666300869330135548e+00
2.000000000000000042e-02 2.000000000000000042e-02 3.000000000000000000e+00 3.000000000000000000e+00 1.649870656343657593e+00
2.000000000000000042e-02 2.000000000000000042e-02 3.000000000000000000e+00 3.000000000000000000e+00 1.620846143617659996e+00
2.000000000000000042e-02 2.000000000000000042e-02 3.000000000000000000e+00 3.000000000000000000e+00 1.671622137504180206e+00
2.000000000000000042e-02 2.000000000000000042e-02 3.000000000000000000e+00 3.000000000000000000e+00 1.633679288045938316e+00
2.000000000000000042e-02 2.000000000000000042e-02 3.000000000000000000e+00 4.000000000000000000e+00 1.170373377192655218e+00
2.000000000000000042e-02 2.000000000000000042e-02 3.000000000000000000e+00 4.000000000000000000e+00 1.208090461449647268e+00
2.000000000000000042e-02 2.000000000000000042e-02 3.000000000000000000e+00 4.000000000000000000e+00 1.277157915775310126e+00
2.000000000000000042e-02 2.000000000000000042e-02 3.000000000000000000e+00 4.000000000000000000e+00 1.159963508761592266e+00
2.000000000000000042e-02 2.000000000000000042e-02 3.000000000000000000e+00 4.000000000000000000e+00 1.123585595755822952e+00
2.000000000000000042e-02 2.000000000000000042e-02 3.000000000000000000e+00 5.000000000000000000e+00 7.529331299895184459e-01
2.000000000000000042e-02 2.000000000000000042e-02 3.000000000000000000e+00 5.000000000000000000e+00 8.515960808120057735e-01
2.000000000000000042e-02 2.000000000000000042e-02 3.000000000000000000e+00 5.000000000000000000e+00 8.614226991611274586e-01
2.000000000000000042e-02 2.000000000000000042e-02 3.000000000000000000e+00 5.000000000000000000e+00 8.823976010322590602e-01
2.000000000000000042e-02 2.000000000000000042e-02 3.000000000000000000e+00 5.000000000000000000e+00 8.739203169236423596e-01
2.000000000000000042e-02 2.000000000000000042e-02 4.000000000000000000e+00 2.000000000000000000e+00 1.751293778044243687e+00
2.000000000000000042e-02 2.000000000000000042e-02 4.000000000000000000e+00 2.000000000000000000e+00 1.778855797328277477e+00
2.000000000000000042e-02 2.000000000000000042e-02 4.000000000000000000e+00 2.000000000000000000e+00 1.783586823342091954e+00
2.000000000000000042e-02 2.000000000000000042e-02 4.000000000000000000e+00 2.000000000000000000e+00 1.758808149021997114e+00
2.000000000000000042e-02 2.000000000000000042e-02 4.000000000000000000e+00 2.000000000000000000e+00 1.778562247994555978e+00
2.000000000000000042e-02 2.000000000000000042e-02 4.000000000000000000e+00 3.000000000000000000e+00 1.817347566276308779e+00
2.000000000000000042e-02 2.000000000000000042e-02 4.000000000000000000e+00 3.000000000000000000e+00 1.679618023555143891e+00
2.000000000000000042e-02 2.000000000000000042e-02 4.000000000000000000e+00 3.000000000000000000e+00 1.658558623895574513e+00
2.000000000000000042e-02 2.000000000000000042e-02 4.000000000000000000e+00 3.000000000000000000e+00 1.612780834378201744e+00
2.000000000000000042e-02 2.000000000000000042e-02 4.000000000000000000e+00 3.000000000000000000e+00 1.620394688533314254e+00
2.000000000000000042e-02 2.000000000000000042e-02 4.000000000000000000e+00 4.000000000000000000e+00 1.181455883149685748e+00
2.000000000000000042e-02 2.000000000000000042e-02 4.000000000000000000e+00 4.000000000000000000e+00 1.109959946798908970e+00
2.000000000000000042e-02 2.000000000000000042e-02 4.000000000000000000e+00 4.000000000000000000e+00 1.163194442193761002e+00
2.000000000000000042e-02 2.000000000000000042e-02 4.000000000000000000e+00 4.000000000000000000e+00 1.190035804876280690e+00
2.000000000000000042e-02 2.000000000000000042e-02 4.000000000000000000e+00 4.000000000000000000e+00 1.190952636027361011e+00
2.000000000000000042e-02 2.000000000000000042e-02 4.000000000000000000e+00 5.000000000000000000e+00 9.413171627515737327e-01
2.000000000000000042e-02 2.000000000000000042e-02 4.000000000000000000e+00 5.000000000000000000e+00 9.570230461821094270e-01
2.000000000000000042e-02 2.000000000000000042e-02 4.000000000000000000e+00 5.000000000000000000e+00 8.323451477176090352e-01
2.000000000000000042e-02 2.000000000000000042e-02 4.000000000000000000e+00 5.000000000000000000e+00 8.635000699935287960e-01
2.000000000000000042e-02 2.000000000000000042e-02 4.000000000000000000e+00 5.000000000000000000e+00 7.641748982170437632e-01
5.000000000000000278e-02 5.000000000000000104e-03 2.000000000000000000e+00 2.000000000000000000e+00 1.452432558053711853e+00
5.000000000000000278e-02 5.000000000000000104e-03 2.000000000000000000e+00 2.000000000000000000e+00 1.507889771668958323e+00
5.000000000000000278e-02 5.000000000000000104e-03 2.000000000000000000e+00 2.000000000000000000e+00 1.529669781124883832e+00
5.000000000000000278e-02 5.000000000000000104e-03 2.000000000000000000e+00 2.000000000000000000e+00 1.423138137075826481e+00
5.000000000000000278e-02 5.000000000000000104e-03 2.000000000000000000e+00 2.000000000000000000e+00 1.413846595651921723e+00
5.000000000000000278e-02 5.000000000000000104e-03 2.000000000000000000e+00 3.000000000000000000e+00 1.588630303206725491e+00
5.000000000000000278e-02 5.000000000000000104e-03 2.000000000000000000e+00 3.000000000000000000e+00 1.669650481299648659e+00
5.000000000000000278e-02 5.000000000000000104e-03 2.000000000000000000e+00 3.000000000000000000e+00 1.675517147465015677e+00
5.000000000000000278e-02 5.000000000000000104e-03 2.000000000000000000e+00 3.000000000000000000e+00 1.615060849467863990e+00
5.000000000000000278e-02 5.000000000000000104e-03 2.000000000000000000e+00 3.000000000000000000e+00 1.575337573134157898e+00
5.000000000000000278e-02 5.000000000000000104e-03 2.000000000000000000e+00 4.000000000000000000e+00 1.548717733396628660e+00
5.000000000000000278e-02 5.000000000000000104e-03 2.000000000000000000e+00 4.000000000000000000e+00 1.712579191655941857e+00
5.000000000000000278e-02 5.000000000000000104e-03 2.000000000000000000e+00 4.000000000000000000e+00 1.636025796192690285e+00
5.000000000000000278e-02 5.000000000000000104e-03 2.000000000000000000e+00 4.000000000000000000e+00 1.674315483237293734e+00
5.000000000000000278e-02 5.000000000000000104e-03 2.000000000000000000e+00 4.000000000000000000e+00 1.573837708294393511e+00
5.000000000000000278e-02 5.000000000000000104e-03 2.000000000000000000e+00 5.000000000000000000e+00 1.583042868473575560e+00
5.000000000000000278e-02 5.000000000000000104e-03 2.000000000000000000e+00 5.000000000000000000e+00 1.546284308713414379e+00
5.000000000000000278e-02 5.000000000000000104e-03 2.000000000000000000e+00 5.000000000000000000e+00 1.551460526400967543e+00
5.000000000000000278e-02 5.000000000000000104e-03 2.000000000000000000e+00 5.000000000000000000e+00 1.562460790146623868e+00
5.000000000000000278e-02 5.000000000000000104e-03 2.000000000000000000e+00 5.000000000000000000e+00 1.444263155196776616e+00
5.000000000000000278e-02 5.000000000000000104e-03 3.000000000000000000e+00 2.000000000000000000e+00 1.653682960894665488e+00
5.000000000000000278e-02 5.000000000000000104e-03 3.000000000000000000e+00 2.000000000000000000e+00 1.721266913843663371e+00
5.000000000000000278e-02 5.000000000000000104e-03 3.000000000000000000e+00 2.000000000000000000e+00 1.671834570733360836e+00
5.000000000000000278e-02 5.000000000000000104e-03 3.000000000000000000e+00 2.000000000000000000e+00 1.664934721208370272e+00
5.000000000000000278e-02 5.000000000000000104e-03 3.000000000000000000e+00 2.000000000000000000e+00 1.709749509342741947e+00
5.000000000000000278e-02 5.000000000000000104e-03 3.000000000000000000e+00 3.000000000000000000e+00 1.868423435325592408e+00
5.000000000000000278e-02 5.000000000000000104e-03 3.000000000000000000e+00 3.000000000000000000e+00 1.841555217906345909e+00
5.000000000000000278e-02 5.000000000000000104e-03 3.000000000000000000e+00 3.000000000000000000e+00 1.818724929072848884e+00
5.000000000000000278e-02 5.000000000000000104e-03 3.000000000000000000e+00 3.000000000000000000e+00 1.642168441917677413e+00
5.000000000000000278e-02 5.000000000000000104e-03 3.000000000000000000e+00 3.000000000000000000e+00 1.837116130411509562e+00
5.000000000000000278e-02 5.000000000000000104e-03 3.000000000000000000e+00 4.000000000000000000e+00 1.588694722980126706e+00
5.000000000000000278e-02 5.000000000000000104e-03 3.000000000000000000e+00 4.000000000000000000e+00 1.496606525724487380e+00
5.000000000000000278e-02 5.000000000000000104e-03 3.000000000000000000e+00 4.000000000000000000e+00 1.520666407192441394e+00
5.000000000000000278e-02 5.000000000000000104e-03 3.000000000000000000e+00 4.000000000000000000e+00 1.404686093308697759e+00
5.000000000000000278e-02 5.000000000000000104e-03 3.000000000000000000e+00 4.000000000000000000e+00 1.442688748150890765e+00
5.000000000000000278e-02 5.000000000000000104e-03 3.000000000000000000e+00 5.000000000000000000e+00 1.553515560186629729e+00
5.000000000000000278e-02 5.000000000000000104e-03 3.000000000000000000e+00 5.000000000000000000e+00 1.454132130731186079e+00
5.000000000000000278e-02 5.000000000000000104e-03 3.000000000000000000e+00 5.000000000000000000e+00 1.580732890535908153e+00
5.000000000000000278e-02 5.000000000000000104e-03 3.000000000000000000e+00 5.000000000000000000e+00 1.493082127394863567e+00
5.000000000000000278e-02 5.000000000000000104e-03 3.000000000000000000e+00 5.000000000000000000e+00 1.554447058008408655e+00
5.000000000000000278e-02 5.000000000000000104e-03 4.000000000000000000e+00 2.000000000000000000e+00 1.715617582919141793e+00
5.000000000000000278e-02 5.000000000000000104e-03 4.000000000000000000e+00 2.000000000000000000e+00 1.662891685814903209e+00
5.000000000000000278e-02 5.000000000000000104e-03 4.000000000000000000e+00 2.000000000000000000e+00 1.642342024778029597e+00
5.000000000000000278e-02 5.000000000000000104e-03 4.000000000000000000e+00 2.000000000000000000e+00 1.705883082190138289e+00
5.000000000000000278e-02 5.000000000000000104e-03 4.000000000000000000e+00 2.000000000000000000e+00 1.660036684794703898e+00
5.000000000000000278e-02 5.000000000000000104e-03 4.000000000000000000e+00 3.000000000000000000e+00 1.827787488540471683e+00
5.000000000000000278e-02 5.000000000000000104e-03 4.000000000000000000e+00 3.000000000000000000e+00 1.705285785546819310e+00
5.000000000000000278e-02 5.000000000000000104e-03 4.000000000000000000e+00 3.000000000000000000e+00 1.770431018396820821e+00
5.000000000000000278e-02 5.000000000000000104e-03 4.000000000000000000e+00 3.000000000000000000e+00 1.716608576389621721e+00
5.000000000000000278e-02 5.000000000000000104e-03 4.000000000000000000e+00 3.000000000000000000e+00 1.746437420003871921e+00
5.000000000000000278e-02 5.000000000000000104e-03 4.000000000000000000e+00 4.000000000000000000e+00 1.854626353106468173e+00
5.000000000000000278e-02 5.000000000000000104e-03 4.000000000000000000e+00 4.000000000000000000e+00 1.524919893651224045e+00
5.000000000000000278e-02 5.000000000000000104e-03 4.000000000000000000e+00 4.000000000000000000e+00 1.996965041935363061e+00
5.000000000000000278e-02 5.000000000000000104e-03 4.000000000000000000e+00 4.000000000000000000e+00 1.765532706731070434e+00
5.000000000000000278e-02 5.000000000000000104e-03 4.000000000000000000e+00 4.000000000000000000e+00 1.938630393502710492e+00
5.000000000000000278e-02 5.000000000000000104e-03 4.000000000000000000e+00 5.000000000000000000e+00 1.139414152483592346e+00
5.000000000000000278e-02 5.000000000000000104e-03 4.000000000000000000e+00 5.000000000000000000e+00 1.202971896470405255e+00
5.000000000000000278e-02 5.000000000000000104e-03 4.000000000000000000e+00 5.000000000000000000e+00 1.365201759002234283e+00
5.000000000000000278e-02 5.000000000000000104e-03 4.000000000000000000e+00 5.000000000000000000e+00 1.424725879286956820e+00
5.000000000000000278e-02 5.000000000000000104e-03 4.000000000000000000e+00 5.000000000000000000e+00 1.385158424085049411e+00
5.000000000000000278e-02 1.000000000000000021e-02 2.000000000000000000e+00 2.000000000000000000e+00 1.694095696492179171e+00
5.000000000000000278e-02 1.000000000000000021e-02 2.000000000000000000e+00 2.000000000000000000e+00 1.687241874899262806e+00
5.000000000000000278e-02 1.000000000000000021e-02 2.000000000000000000e+00 2.000000000000000000e+00 1.706838955374766487e+00
5.000000000000000278e-02 1.000000000000000021e-02 2.000000000000000000e+00 2.000000000000000000e+00 1.699935618635183054e+00
5.000000000000000278e-02 1.000000000000000021e-02 2.000000000000000000e+00 2.000000000000000000e+00 1.715662897779145712e+00
5.000000000000000278e-02 1.000000000000000021e-02 2.000000000000000000e+00 3.000000000000000000e+00 1.694530991601188807e+00
5.000000000000000278e-02 1.000000000000000021e-02 2.000000000000000000e+00 3.000000000000000000e+00 1.706984312426454098e+00
5.000000000000000278e-02 1.000000000000000021e-02 2.000000000000000000e+00 3.000000000000000000e+00 1.663420757326534272e+00
5.000000000000000278e-02 1.000000000000000021e-02 2.000000000000000000e+00 3.000000000000000000e+00 1.747557789633052971e+00
5.000000000000000278e-02 1.000000000000000021e-02 2.000000000000000000e+00 3.000000000000000000e+00 1.879997880480173134e+00
5.000000000000000278e-02 1.000000000000000021e-02 2.000000000000000000e+00 4.000000000000000000e+00 1.411679302731266183e+00
5.000000000000000278e-02 1.000000000000000021e-02 2.000000000000000000e+00 4.000000000000000000e+00 1.523040719653040664e+00
5.000000000000000278e-02 1.000000000000000021e-02 2.000000000000000000e+00 4.000000000000000000e+00 1.300243353347105835e+00
5.000000000000000278e-02 1.000000000000000021e-02 2.000000000000000000e+00 4.000000000000000000e+00 1.472995915823142044e+00
5.000000000000000278e-02 1.000000000000000021e-02 2.000000000000000000e+00 4.000000000000000000e+00 1.539823082013687561e+00
5.000000000000000278e-02 1.000000000000000021e-02 2.000000000000000000e+00 5.000000000000000000e+00 1.776833567131642866e+00
5.000000000000000278e-02 1.000000000000000021e-02 2.000000000000000000e+00 5.000000000000000000e+00 1.867566389454030418e+00
5.000000000000000278e-02 1.000000000000000021e-02 2.000000000000000000e+00 5.000000000000000000e+00 1.270315333646442335e+00
5.000000000000000278e-02 1.000000000000000021e-02 2.000000000000000000e+00 5.000000000000000000e+00 1.937332794020317772e+00
5.000000000000000278e-02 1.000000000000000021e-02 2.000000000000000000e+00 5.000000000000000000e+00 1.628637508632419406e+00
5.000000000000000278e-02 1.000000000000000021e-02 3.000000000000000000e+00 2.000000000000000000e+00 1.680943173472030150e+00
5.000000000000000278e-02 1.000000000000000021e-02 3.000000000000000000e+00 2.000000000000000000e+00 1.650873639727078013e+00
5.000000000000000278e-02 1.000000000000000021e-02 3.000000000000000000e+00 2.000000000000000000e+00 1.702802755387748945e+00
5.000000000000000278e-02 1.000000000000000021e-02 3.000000000000000000e+00 2.000000000000000000e+00 1.664081891609921815e+00
5.000000000000000278e-02 1.000000000000000021e-02 3.000000000000000000e+00 2.000000000000000000e+00 1.693019643391857398e+00
5.000000000000000278e-02 1.000000000000000021e-02 3.000000000000000000e+00 3.000000000000000000e+00 1.831001970926933620e+00
5.000000000000000278e-02 1.000000000000000021e-02 3.000000000000000000e+00 3.000000000000000000e+00 1.730092073853846779e+00
5.000000000000000278e-02 1.000000000000000021e-02 3.000000000000000000e+00 3.000000000000000000e+00 1.682703796487660775e+00
5.000000000000000278e-02 1.000000000000000021e-02 3.000000000000000000e+00 3.000000000000000000e+00 1.710478522522454359e+00
5.000000000000000278e-02 1.000000000000000021e-02 3.000000000000000000e+00 3.000000000000000000e+00 1.709039524125103293e+00
5.000000000000000278e-02 1.000000000000000021e-02 3.000000000000000000e+00 4.000000000000000000e+00 1.336610601808715382e+00
5.000000000000000278e-02 1.000000000000000021e-02 3.000000000000000000e+00 4.000000000000000000e+00 1.429389673631802804e+00
5.000000000000000278e-02 1.000000000000000021e-02 3.000000000000000000e+00 4.000000000000000000e+00 1.356623219930852997e+00
5.000000000000000278e-02 1.000000000000000021e-02 3.000000000000000000e+00 4.000000000000000000e+00 1.316728341510330358e+00
5.000000000000000278e-02 1.000000000000000021e-02 3.000000000000000000e+00 4.000000000000000000e+00 1.296240105632409989e+00
5.000000000000000278e-02 1.000000000000000021e-02 3.000000000000000000e+00 5.000000000000000000e+00 1.106594917243661325e+00
5.000000000000000278e-02 1.000000000000000021e-02 3.000000000000000000e+00 5.000000000000000000e+00 9.751648005170547862e-01
5.000000000000000278e-02 1.000000000000000021e-02 3.000000000000000000e+00 5.000000000000000000e+00 9.399442148572998423e-01
5.000000000000000278e-02 1.000000000000000021e-02 3.000000000000000000e+00 5.000000000000000000e+00 1.080908096922065020e+00
5.000000000000000278e-02 1.000000000000000021e-02 3.000000000000000000e+00 5.000000000000000000e+00 9.377387901928982972e-01
5.000000000000000278e-02 1.000000000000000021e-02 4.000000000000000000e+00 2.000000000000000000e+00 1.683654887792922938e+00
5.000000000000000278e-02 1.000000000000000021e-02 4.000000000000000000e+00 2.000000000000000000e+00 1.692001374741375797e+00
5.000000000000000278e-02 1.000000000000000021e-02 4.000000000000000000e+00 2.000000000000000000e+00 1.677337660783671192e+00
5.000000000000000278e-02 1.000000000000000021e-02 4.000000000000000000e+00 2.000000000000000000e+00 1.677745849943247380e+00
5.000000000000000278e-02 1.000000000000000021e-02 4.000000000000000000e+00 2.000000000000000000e+00 1.719244075495897750e+00
5.000000000000000278e-02 1.000000000000000021e-02 4.000000000000000000e+00 3.000000000000000000e+00 1.666845347658461263e+00
5.000000000000000278e-02 1.000000000000000021e-02 4.000000000000000000e+00 3.000000000000000000e+00 1.710918427927477392e+00
5.000000000000000278e-02 1.000000000000000021e-02 4.000000000000000000e+00 3.000000000000000000e+00 1.660174232829001673e+00
5.000000000000000278e-02 1.000000000000000021e-02 4.000000000000000000e+00 3.000000000000000000e+00 1.747024021257659543e+00
5.000000000000000278e-02 1.000000000000000021e-02 4.000000000000000000e+00 3.000000000000000000e+00 1.671025261767827175e+00
5.000000000000000278e-02 1.000000000000000021e-02 4.000000000000000000e+00 4.000000000000000000e+00 1.308623582544372832e+00
5.000000000000000278e-02 1.000000000000000021e-02 4.000000000000000000e+00 4.000000000000000000e+00 1.516243230513009355e+00
5.000000000000000278e-02 1.000000000000000021e-02 4.000000000000000000e+00 4.000000000000000000e+00 1.322654891542227817e+00
5.000000000000000278e-02 1.000000000000000021e-02 4.000000000000000000e+00 4.000000000000000000e+00 1.442154786280947398e+00
5.000000000000000278e-02 1.000000000000000021e-02 4.000000000000000000e+00 4.000000000000000000e+00 1.510270690687669282e+00
5.000000000000000278e-02 1.000000000000000021e-02 4.000000000000000000e+00 5.000000000000000000e+00 1.044881545313847138e+00
5.000000000000000278e-02 1.000000000000000021e-02 4.000000000000000000e+00 5.000000000000000000e+00 1.210820884043961376e+00
5.000000000000000278e-02 1.000000000000000021e-02 4.000000000000000000e+00 5.000000000000000000e+00 9.676587077352606370e-01
5.000000000000000278e-02 1.000000000000000021e-02 4.000000000000000000e+00 5.000000000000000000e+00 9.686177961600311859e-01
5.000000000000000278e-02 1.000000000000000021e-02 4.000000000000000000e+00 5.000000000000000000e+00 1.016992109831208024e+00
5.000000000000000278e-02 2.000000000000000042e-02 2.000000000000000000e+00 2.000000000000000000e+00 1.726152489168646165e+00
5.000000000000000278e-02 2.000000000000000042e-02 2.000000000000000000e+00 2.000000000000000000e+00 1.703490409254394766e+00
5.000000000000000278e-02 2.000000000000000042e-02 2.000000000000000000e+00 2.000000000000000000e+00 1.722007790486157930e+00
5.000000000000000278e-02 2.000000000000000042e-02 2.000000000000000000e+00 2.000000000000000000e+00 1.736751398257667889e+00
5.000000000000000278e-02 2.000000000000000042e-02 2.000000000000000000e+00 2.000000000000000000e+00 1.701976082152564240e+00
5.000000000000000278e-02 2.000000000000000042e-02 2.000000000000000000e+00 3.000000000000000000e+00 1.720603197221773462e+00
5.000000000000000278e-02 2.000000000000000042e-02 2.000000000000000000e+00 3.000000000000000000e+00 1.701490708815837749e+00
5.000000000000000278e-02 2.000000000000000042e-02 2.000000000000000000e+00 3.000000000000000000e+00 1.845097626597955287e+00
5.000000000000000278e-02 2.000000000000000042e-02 2.000000000000000000e+00 3.000000000000000000e+00 1.750104919654739133e+00
5.000000000000000278e-02 2.000000000000000042e-02 2.000000000000000000e+00 3.000000000000000000e+00 1.842684227008751563e+00
5.000000000000000278e-02 2.000000000000000042e-02 2.000000000000000000e+00 4.000000000000000000e+00 1.362187636420374215e+00
5.000000000000000278e-02 2.000000000000000042e-02 2.000000000000000000e+00 4.000000000000000000e+00 1.477427694794144486e+00
5.000000000000000278e-02 2.000000000000000042e-02 2.000000000000000000e+00 4.000000000000000000e+00 1.742712397986648787e+00
5.000000000000000278e-02 2.000000000000000042e-02 2.000000000000000000e+00 4.000000000000000000e+00 1.603541222442502523e+00
5.000000000000000278e-02 2.000000000000000042e-02 2.000000000000000000e+00 4.000000000000000000e+00 1.448075232076809549e+00
5.000000000000000278e-02 2.000000000000000042e-02 2.000000000000000000e+00 5.000000000000000000e+00 1.214721824071378853e+00
5.000000000000000278e-02 2.000000000000000042e-02 2.000000000000000000e+00 5.000000000000000000e+00 1.196140715500495499e+00
5.000000000000000278e-02 2.000000000000000042e-02 2.000000000000000000e+00 5.000000000000000000e+00 1.190534432634681172e+00
5.000000000000000278e-02 2.000000000000000042e-02 2.000000000000000000e+00 5.000000000000000000e+00 1.336738684611354255e+00
5.000000000000000278e-02 2.000000000000000042e-02 2.000000000000000000e+00 5.000000000000000000e+00 1.042636329710656895e+00
5.000000000000000278e-02 2.000000000000000042e-02 3.000000000000000000e+00 2.000000000000000000e+00 1.734597295578149234e+00
5.000000000000000278e-02 2.000000000000000042e-02 3.000000000000000000e+00 2.000000000000000000e+00 1.708725471370917237e+00
5.000000000000000278e-02 2.000000000000000042e-02 3.000000000000000000e+00 2.000000000000000000e+00 1.734925788048968798e+00
5.000000000000000278e-02 2.000000000000000042e-02 3.000000000000000000e+00 2.000000000000000000e+00 1.719763355483018508e+00
5.000000000000000278e-02 2.000000000000000042e-02 3.000000000000000000e+00 2.000000000000000000e+00 1.756062510659533782e+00
5.000000000000000278e-02 2.000000000000000042e-02 3.000000000000000000e+00 3.000000000000000000e+00 1.681358520746179197e+00
5.000000000000000278e-02 2.000000000000000042e-02 3.000000000000000000e+00 3.000000000000000000e+00 1.929710987326471949e+00
5.000000000000000278e-02 2.000000000000000042e-02 3.000000000000000000e+00 3.000000000000000000e+00 1.679208906966347392e+00
5.000000000000000278e-02 2.000000000000000042e-02 3.000000000000000000e+00 3.000000000000000000e+00 1.652438527452919192e+00
5.000000000000000278e-02 2.000000000000000042e-02 3.000000000000000000e+00 3.000000000000000000e+00 1.738835077454794931e+00
5.000000000000000278e-02 2.000000000000000042e-02 3.000000000000000000e+00 4.000000000000000000e+00 1.339952834117720259e+00
5.000000000000000278e-02 2.000000000000000042e-02 3.000000000000000000e+00 4.000000000000000000e+00 1.409088478144739254e+00
5.000000000000000278e-02 2.000000000000000042e-02 3.000000000000000000e+00 4.000000000000000000e+00 1.294445267824017476e+00
5.000000000000000278e-02 2.000000000000000042e-02 3.000000000000000000e+00 4.000000000000000000e+00 1.499574787933017905e+00
5.000000000000000278e-02 2.000000000000000042e-02 3.000000000000000000e+00 4.000000000000000000e+00 1.439617791784436829e+00
5.000000000000000278e-02 2.000000000000000042e-02 3.000000000000000000e+00 5.000000000000000000e+00 1.093113484898759813e+00
5.000000000000000278e-02 2.000000000000000042e-02 3.000000000000000000e+00 5.000000000000000000e+00 9.647913823407099354e-01
5.000000000000000278e-02 2.000000000000000042e-02 3.000000000000000000e+00 5.000000000000000000e+00 9.743418713821562216e-01
5.000000000000000278e-02 2.000000000000000042e-02 3.000000000000000000e+00 5.000000000000000000e+00 1.026723904510764340e+00
5.000000000000000278e-02 2.000000000000000042e-02 3.000000000000000000e+00 5.000000000000000000e+00 1.141669809883449238e+00
5.000000000000000278e-02 2.000000000000000042e-02 4.000000000000000000e+00 2.000000000000000000e+00 1.737278704035617016e+00
5.000000000000000278e-02 2.000000000000000042e-02 4.000000000000000000e+00 2.000000000000000000e+00 1.733795611870762254e+00
5.000000000000000278e-02 2.000000000000000042e-02 4.000000000000000000e+00 2.000000000000000000e+00 1.734457910744041209e+00
5.000000000000000278e-02 2.000000000000000042e-02 4.000000000000000000e+00 2.000000000000000000e+00 1.743119329355465430e+00
5.000000000000000278e-02 2.000000000000000042e-02 4.000000000000000000e+00 2.000000000000000000e+00 1.739893820714034423e+00
5.000000000000000278e-02 2.000000000000000042e-02 4.000000000000000000e+00 3.000000000000000000e+00 1.811138548189088038e+00
5.000000000000000278e-02 2.000000000000000042e-02 4.000000000000000000e+00 3.000000000000000000e+00 1.761983228238827692e+00
5.000000000000000278e-02 2.000000000000000042e-02 4.000000000000000000e+00 3.000000000000000000e+00 1.675464605925213624e+00
5.000000000000000278e-02 2.000000000000000042e-02 4.000000000000000000e+00 3.000000000000000000e+00 1.799204864867023357e+00
5.000000000000000278e-02 2.000000000000000042e-02 4.000000000000000000e+00 3.000000000000000000e+00 1.716377905073283472e+00
5.000000000000000278e-02 2.000000000000000042e-02 4.000000000000000000e+00 4.000000000000000000e+00 1.417836018347688132e+00
5.000000000000000278e-02 2.000000000000000042e-02 4.000000000000000000e+00 4.000000000000000000e+00 1.240363970656496173e+00
5.000000000000000278e-02 2.000000000000000042e-02 4.000000000000000000e+00 4.000000000000000000e+00 1.388194758124946748e+00
5.000000000000000278e-02 2.000000000000000042e-02 4.000000000000000000e+00 4.000000000000000000e+00 1.388651844334550578e+00
5.000000000000000278e-02 2.000000000000000042e-02 4.000000000000000000e+00 4.000000000000000000e+00 1.352508552419011245e+00
5.000000000000000278e-02 2.000000000000000042e-02 4.000000000000000000e+00 5.000000000000000000e+00 1.061518473304169374e+00
5.000000000000000278e-02 2.000000000000000042e-02 4.000000000000000000e+00 5.000000000000000000e+00 1.221286425257124053e+00
5.000000000000000278e-02 2.000000000000000042e-02 4.000000000000000000e+00 5.000000000000000000e+00 9.555866580146279432e-01
5.000000000000000278e-02 2.000000000000000042e-02 4.000000000000000000e+00 5.000000000000000000e+00 8.918154758647588443e-01
5.000000000000000278e-02 2.000000000000000042e-02 4.000000000000000000e+00 5.000000000000000000e+00 1.046428171369004012e+00
1.000000000000000056e-01 5.000000000000000104e-03 2.000000000000000000e+00 2.000000000000000000e+00 1.675865003463595571e+00
1.000000000000000056e-01 5.000000000000000104e-03 2.000000000000000000e+00 2.000000000000000000e+00 1.623375150207227557e+00
1.000000000000000056e-01 5.000000000000000104e-03 2.000000000000000000e+00 2.000000000000000000e+00 1.660294533065820088e+00
1.000000000000000056e-01 5.000000000000000104e-03 2.000000000000000000e+00 2.000000000000000000e+00 1.615019730266239906e+00
1.000000000000000056e-01 5.000000000000000104e-03 2.000000000000000000e+00 2.000000000000000000e+00 1.667301748247827842e+00
1.000000000000000056e-01 5.000000000000000104e-03 2.000000000000000000e+00 3.000000000000000000e+00 1.696629043393577119e+00
1.000000000000000056e-01 5.000000000000000104e-03 2.000000000000000000e+00 3.000000000000000000e+00 1.764035610736835791e+00
1.000000000000000056e-01 5.000000000000000104e-03 2.000000000000000000e+00 3.000000000000000000e+00 1.645676429266331509e+00
1.000000000000000056e-01 5.000000000000000104e-03 2.000000000000000000e+00 3.000000000000000000e+00 1.718283583066673170e+00
1.000000000000000056e-01 5.000000000000000104e-03 2.000000000000000000e+00 3.000000000000000000e+00 1.700069790834701555e+00
1.000000000000000056e-01 5.000000000000000104e-03 2.000000000000000000e+00 4.000000000000000000e+00 1.671560950250227107e+00
1.000000000000000056e-01 5.000000000000000104e-03 2.000000000000000000e+00 4.000000000000000000e+00 1.684916377261042264e+00
1.000000000000000056e-01 5.000000000000000104e-03 2.000000000000000000e+00 4.000000000000000000e+00 1.700389179842869858e+00
1.000000000000000056e-01 5.000000000000000104e-03 2.000000000000000000e+00 4.000000000000000000e+00 1.662367136660501510e+00
1.000000000000000056e-01 5.000000000000000104e-03 2.000000000000000000e+00 4.000000000000000000e+00 1.653686035848719982e+00
1.000000000000000056e-01 5.000000000000000104e-03 2.000000000000000000e+00 5.000000000000000000e+00 1.677472827781344877e+00
1.000000000000000056e-01 5.000000000000000104e-03 2.000000000000000000e+00 5.000000000000000000e+00 1.663933922511615870e+00
1.000000000000000056e-01 5.000000000000000104e-03 2.000000000000000000e+00 5.000000000000000000e+00 1.592881544284011408e+00
1.000000000000000056e-01 5.000000000000000104e-03 2.000000000000000000e+00 5.000000000000000000e+00 1.594855303975519334e+00
1.000000000000000056e-01 5.000000000000000104e-03 2.000000000000000000e+00 5.000000000000000000e+00 1.640529944211218671e+00
1.000000000000000056e-01 5.000000000000000104e-03 3.000000000000000000e+00 2.000000000000000000e+00 1.690927538452645873e+00
1.000000000000000056e-01 5.000000000000000104e-03 3.000000000000000000e+00 2.000000000000000000e+00 1.618206984938928006e+00
1.000000000000000056e-01 5.000000000000000104e-03 3.000000000000000000e+00 2.000000000000000000e+00 1.713777667672930605e+00
1.000000000000000056e-01 5.000000000000000104e-03 3.000000000000000000e+00 2.000000000000000000e+00 1.670134747552184828e+00
1.000000000000000056e-01 5.000000000000000104e-03 3.000000000000000000e+00 2.000000000000000000e+00 1.620830406995363182e+00
1.000000000000000056e-01 5.000000000000000104e-03 3.000000000000000000e+00 3.000000000000000000e+00 1.685605087222555420e+00
1.000000000000000056e-01 5.000000000000000104e-03 3.000000000000000000e+00 3.000000000000000000e+00 1.726671594319787228e+00
1.000000000000000056e-01 5.000000000000000104e-03 3.000000000000000000e+00 3.000000000000000000e+00 1.723580601921577138e+00
1.000000000000000056e-01 5.000000000000000104e-03 3.000000000000000000e+00 3.000000000000000000e+00 1.712485718809460433e+00
1.000000000000000056e-01 5.000000000000000104e-03 3.000000000000000000e+00 3.000000000000000000e+00 1.754155302057304411e+00
1.000000000000000056e-01 5.000000000000000104e-03 3.000000000000000000e+00 4.000000000000000000e+00 1.560738558908791429e+00
1.000000000000000056e-01 5.000000000000000104e-03 3.000000000000000000e+00 4.000000000000000000e+00 1.637285213258347305e+00
1.000000000000000056e-01 5.000000000000000104e-03 3.000000000000000000e+00 4.000000000000000000e+00 1.549233301223015058e+00
1.000000000000000056e-01 5.000000000000000104e-03 3.000000000000000000e+00 4.000000000000000000e+00 1.681305762422827144e+00
1.000000000000000056e-01 5.000000000000000104e-03 3.000000000000000000e+00 4.000000000000000000e+00 1.745588855056235289e+00
1.000000000000000056e-01 5.000000000000000104e-03 3.000000000000000000e+00 5.000000000000000000e+00 1.581092736611129146e+00
1.000000000000000056e-01 5.000000000000000104e-03 3.000000000000000000e+00 5.000000000000000000e+00 1.534126585308059010e+00
1.000000000000000056e-01 5.000000000000000104e-03 3.000000000000000000e+00 5.000000000000000000e+00 1.573693667906921334e+00
1.000000000000000056e-01 5.000000000000000104e-03 3.000000000000000000e+00 5.000000000000000000e+00 1.697262442813962213e+00
1.000000000000000056e-01 5.000000000000000104e-03 3.000000000000000000e+00 5.000000000000000000e+00 1.506727693915253630e+00
1.000000000000000056e-01 5.000000000000000104e-03 4.000000000000000000e+00 2.000000000000000000e+00 1.689668702399505618e+00
1.000000000000000056e-01 5.000000000000000104e-03 4.000000000000000000e+00 2.000000000000000000e+00 1.552574835059880032e+00
1.000000000000000056e-01 5.000000000000000104e-03 4.000000000000000000e+00 2.000000000000000000e+00 1.612258227283978052e+00
1.000000000000000056e-01 5.000000000000000104e-03 4.000000000000000000e+00 2.000000000000000000e+00 1.706081199081929345e+00
1.000000000000000056e-01 5.000000000000000104e-03 4.000000000000000000e+00 2.000000000000000000e+00 1.651991663380436792e+00
1.000000000000000056e-01 5.000000000000000104e-03 4.000000000000000000e+00 3.000000000000000000e+00 1.698947536960450533e+00
1.000000000000000056e-01 5.000000000000000104e-03 4.000000000000000000e+00 3.000000000000000000e+00 1.722846343099811772e+00
1.000000000000000056e-01 5.000000000000000104e-03 4.000000000000000000e+00 3.000000000000000000e+00 1.724537879139577345e+00
1.000000000000000056e-01 5.000000000000000104e-03 4.000000000000000000e+00 3.000000000000000000e+00 1.675979901316486664e+00
1.000000000000000056e-01 5.000000000000000104e-03 4.000000000000000000e+00 3.000000000000000000e+00 1.673408629825585248e+00
1.000000000000000056e-01 5.000000000000000104e-03 4.000000000000000000e+00 4.000000000000000000e+00 1.546907428142236363e+00
1.000000000000000056e-01 5.000000000000000104e-03 4.000000000000000000e+00 4.000000000000000000e+00 1.580475544691090306e+00
1.000000000000000056e-01 5.000000000000000104e-03 4.000000000000000000e+00 4.000000000000000000e+00 1.588712196935462950e+00
1.000000000000000056e-01 5.000000000000000104e-03 4.000000000000000000e+00 4.000000000000000000e+00 1.670908509923410001e+00
1.000000000000000056e-01 5.000000000000000104e-03 4.000000000000000000e+00 4.000000000000000000e+00 1.696757248107089167e+00
1.000000000000000056e-01 5.000000000000000104e-03 4.000000000000000000e+00 5.000000000000000000e+00 1.619537369711841146e+00
1.000000000000000056e-01 5.000000000000000104e-03 4.000000000000000000e+00 5.000000000000000000e+00 1.657955810489549764e+00
1.000000000000000056e-01 5.000000000000000104e-03 4.000000000000000000e+00 5.000000000000000000e+00 1.681852731152106317e+00
1.000000000000000056e-01 5.000000000000000104e-03 4.000000000000000000e+00 5.000000000000000000e+00 1.539573148407908265e+00
1.000000000000000056e-01 5.000000000000000104e-03 4.000000000000000000e+00 5.000000000000000000e+00 1.561468164333152275e+00
1.000000000000000056e-01 1.000000000000000021e-02 2.000000000000000000e+00 2.000000000000000000e+00 1.564146986872348988e+00
1.000000000000000056e-01 1.000000000000000021e-02 2.000000000000000000e+00 2.000000000000000000e+00 1.571674055426185879e+00
1.000000000000000056e-01 1.000000000000000021e-02 2.000000000000000000e+00 2.000000000000000000e+00 1.669735467760085745e+00
1.000000000000000056e-01 1.000000000000000021e-02 2.000000000000000000e+00 2.000000000000000000e+00 1.578315226909832170e+00
1.000000000000000056e-01 1.000000000000000021e-02 2.000000000000000000e+00 2.000000000000000000e+00 1.617504848825050301e+00
1.000000000000000056e-01 1.000000000000000021e-02 2.000000000000000000e+00 3.000000000000000000e+00 1.656501860366891510e+00
1.000000000000000056e-01 1.000000000000000021e-02 2.000000000000000000e+00 3.000000000000000000e+00 1.793748217896983466e+00
1.000000000000000056e-01 1.000000000000000021e-02 2.000000000000000000e+00 3.000000000000000000e+00 1.741813246055954112e+00
1.000000000000000056e-01 1.000000000000000021e-02 2.000000000000000000e+00 3.000000000000000000e+00 1.676790240204605986e+00
1.000000000000000056e-01 1.000000000000000021e-02 2.000000000000000000e+00 3.000000000000000000e+00 1.754150853437251412e+00
1.000000000000000056e-01 1.000000000000000021e-02 2.000000000000000000e+00 4.000000000000000000e+00 1.629073041231421604e+00
1.000000000000000056e-01 1.000000000000000021e-02 2.000000000000000000e+00 4.000000000000000000e+00 1.522942122361323536e+00
1.000000000000000056e-01 1.000000000000000021e-02 2.000000000000000000e+00 4.000000000000000000e+00 1.688782770594097649e+00
1.000000000000000056e-01 1.000000000000000021e-02 2.000000000000000000e+00 4.000000000000000000e+00 1.666687183629920188e+00
1.000000000000000056e-01 1.000000000000000021e-02 2.000000000000000000e+00 4.000000000000000000e+00 1.562482575383387307e+00
1.000000000000000056e-01 1.000000000000000021e-02 2.000000000000000000e+00 5.000000000000000000e+00 1.655175970987204037e+00
1.000000000000000056e-01 1.000000000000000021e-02 2.000000000000000000e+00 5.000000000000000000e+00 1.550095923449423818e+00
1.000000000000000056e-01 1.000000000000000021e-02 2.000000000000000000e+00 5.000000000000000000e+00 1.634540698205362963e+00
1.000000000000000056e-01 1.000000000000000021e-02 2.000000000000000000e+00 5.000000000000000000e+00 1.621330709921781743e+00
1.000000000000000056e-01 1.000000000000000021e-02 2.000000000000000000e+00 5.000000000000000000e+00 1.646993097563057118e+00
1.000000000000000056e-01 1.000000000000000021e-02 3.000000000000000000e+00 2.000000000000000000e+00 1.657158764642240989e+00
1.000000000000000056e-01 1.000000000000000021e-02 3.000000000000000000e+00 2.000000000000000000e+00 1.522409875771877363e+00
1.000000000000000056e-01 1.000000000000000021e-02 3.000000000000000000e+00 2.000000000000000000e+00 1.562523159434685560e+00
1.000000000000000056e-01 1.000000000000000021e-02 3.000000000000000000e+00 2.000000000000000000e+00 1.586453032574667299e+00
1.000000000000000056e-01 1.000000000000000021e-02 3.000000000000000000e+00 2.000000000000000000e+00 1.606413129834961762e+00
1.000000000000000056e-01 1.000000000000000021e-02 3.000000000000000000e+00 3.000000000000000000e+00 1.696060523929477704e+00
1.000000000000000056e-01 1.000000000000000021e-02 3.000000000000000000e+00 3.000000000000000000e+00 1.729524868901180179e+00
1.000000000000000056e-01 1.000000000000000021e-02 3.000000000000000000e+00 3.000000000000000000e+00 1.708167729710105665e+00
1.000000000000000056e-01 1.000000000000000021e-02 3.000000000000000000e+00 3.000000000000000000e+00 1.730452528581991167e+00
1.000000000000000056e-01 1.000000000000000021e-02 3.000000000000000000e+00 3.000000000000000000e+00 1.726270401274318633e+00
1.000000000000000056e-01 1.000000000000000021e-02 3.000000000000000000e+00 4.000000000000000000e+00 1.608545396682973028e+00
1.000000000000000056e-01 1.000000000000000021e-02 3.000000000000000000e+00 4.000000000000000000e+00 1.584897897239825770e+00
1.000000000000000056e-01 1.000000000000000021e-02 3.000000000000000000e+00 4.000000000000000000e+00 1.487245464972167808e+00
1.000000000000000056e-01 1.000000000000000021e-02 3.000000000000000000e+00 4.000000000000000000e+00 1.615922922697729414e+00
1.000000000000000056e-01 1.000000000000000021e-02 3.000000000000000000e+00 4.000000000000000000e+00 1.595531841232805448e+00
1.000000000000000056e-01 1.000000000000000021e-02 3.000000000000000000e+00 5.000000000000000000e+00 1.648480071958929205e+00
1.000000000000000056e-01 1.000000000000000021e-02 3.000000000000000000e+00 5.000000000000000000e+00 1.619312048603923859e+00
1.000000000000000056e-01 1.000000000000000021e-02 3.000000000000000000e+00 5.000000000000000000e+00 1.633910095806605289e+00
1.000000000000000056e-01 1.000000000000000021e-02 3.000000000000000000e+00 5.000000000000000000e+00 1.693187573611929730e+00
1.000000000000000056e-01 1.000000000000000021e-02 3.000000000000000000e+00 5.000000000000000000e+00 1.553955364163749797e+00
1.000000000000000056e-01 1.000000000000000021e-02 4.000000000000000000e+00 2.000000000000000000e+00 1.522371637732566896e+00
1.000000000000000056e-01 1.000000000000000021e-02 4.000000000000000000e+00 2.000000000000000000e+00 1.461001528894512180e+00
1.000000000000000056e-01 1.000000000000000021e-02 4.000000000000000000e+00 2.000000000000000000e+00 1.441052155337167795e+00
1.000000000000000056e-01 1.000000000000000021e-02 4.000000000000000000e+00 2.000000000000000000e+00 1.435395768369198466e+00
1.000000000000000056e-01 1.000000000000000021e-02 4.000000000000000000e+00 2.000000000000000000e+00 1.509062907962206657e+00
1.000000000000000056e-01 1.000000000000000021e-02 4.000000000000000000e+00 3.000000000000000000e+00 1.759486994989345021e+00
1.000000000000000056e-01 1.000000000000000021e-02 4.000000000000000000e+00 3.000000000000000000e+00 1.734563525546854557e+00
1.000000000000000056e-01 1.000000000000000021e-02 4.000000000000000000e+00 3.000000000000000000e+00 1.668912535996685209e+00
1.000000000000000056e-01 1.000000000000000021e-02 4.000000000000000000e+00 3.000000000000000000e+00 1.633265065367979441e+00
1.000000000000000056e-01 1.000000000000000021e-02 4.000000000000000000e+00 3.000000000000000000e+00 1.675249755696805787e+00
1.000000000000000056e-01 1.000000000000000021e-02 4.000000000000000000e+00 4.000000000000000000e+00 1.571375468358657379e+00
1.000000000000000056e-01 1.000000000000000021e-02 4.000000000000000000e+00 4.000000000000000000e+00 1.643473010987322347e+00
1.000000000000000056e-01 1.000000000000000021e-02 4.000000000000000000e+00 4.000000000000000000e+00 1.606373147240738986e+00
1.000000000000000056e-01 1.000000000000000021e-02 4.000000000000000000e+00 4.000000000000000000e+00 1.734038523824736666e+00
1.000000000000000056e-01 1.000000000000000021e-02 4.000000000000000000e+00 4.000000000000000000e+00 1.609060358155242731e+00
1.000000000000000056e-01 1.000000000000000021e-02 4.000000000000000000e+00 5.000000000000000000e+00 1.672611420289019435e+00
1.000000000000000056e-01 1.000000000000000021e-02 4.000000000000000000e+00 5.000000000000000000e+00 1.636729715739049906e+00
1.000000000000000056e-01 1.000000000000000021e-02 4.000000000000000000e+00 5.000000000000000000e+00 1.450577593340977911e+00
1.000000000000000056e-01 1.000000000000000021e-02 4.000000000000000000e+00 5.000000000000000000e+00 1.497101956712249660e+00
1.000000000000000056e-01 1.000000000000000021e-02 4.000000000000000000e+00 5.000000000000000000e+00 1.465669613102848823e+00
1.000000000000000056e-01 2.000000000000000042e-02 2.000000000000000000e+00 2.000000000000000000e+00 1.479413663655531730e+00
1.000000000000000056e-01 2.000000000000000042e-02 2.000000000000000000e+00 2.000000000000000000e+00 1.561467347960513452e+00
1.000000000000000056e-01 2.000000000000000042e-02 2.000000000000000000e+00 2.000000000000000000e+00 1.477983706557879140e+00
1.000000000000000056e-01 2.000000000000000042e-02 2.000000000000000000e+00 2.000000000000000000e+00 1.514133685950699082e+00
1.000000000000000056e-01 2.000000000000000042e-02 2.000000000000000000e+00 2.000000000000000000e+00 1.471869496006436462e+00
1.000000000000000056e-01 2.000000000000000042e-02 2.000000000000000000e+00 3.000000000000000000e+00 1.689250072435977357e+00
1.000000000000000056e-01 2.000000000000000042e-02 2.000000000000000000e+00 3.000000000000000000e+00 1.678724398386134187e+00
1.000000000000000056e-01 2.000000000000000042e-02 2.000000000000000000e+00 3.000000000000000000e+00 1.701723420644278173e+00
1.000000000000000056e-01 2.000000000000000042e-02 2.000000000000000000e+00 3.000000000000000000e+00 1.638266463352721747e+00
1.000000000000000056e-01 2.000000000000000042e-02 2.000000000000000000e+00 3.000000000000000000e+00 1.654574844321813343e+00
1.000000000000000056e-01 2.000000000000000042e-02 2.000000000000000000e+00 4.000000000000000000e+00 1.555745309882616167e+00
1.000000000000000056e-01 2.000000000000000042e-02 2.000000000000000000e+00 4.000000000000000000e+00 1.730229245447516107e+00
1.000000000000000056e-01 2.000000000000000042e-02 2.000000000000000000e+00 4.000000000000000000e+00 1.610334360884217775e+00
1.000000000000000056e-01 2.000000000000000042e-02 2.000000000000000000e+00 4.000000000000000000e+00 1.552442579206178896e+00
1.000000000000000056e-01 2.000000000000000042e-02 2.000000000000000000e+00 4.000000000000000000e+00 1.657287592126992504e+00
1.000000000000000056e-01 2.000000000000000042e-02 2.000000000000000000e+00 5.000000000000000000e+00 1.543840694714328610e+00
1.000000000000000056e-01 2.000000000000000042e-02 2.000000000000000000e+00 5.000000000000000000e+00 1.630929270839286405e+00
1.000000000000000056e-01 2.000000000000000042e-02 2.000000000000000000e+00 5.000000000000000000e+00 1.514873544484466983e+00
1.000000000000000056e-01 2.000000000000000042e-02 2.000000000000000000e+00 5.000000000000000000e+00 1.424523294693909037e+00
1.000000000000000056e-01 2.000000000000000042e-02 2.000000000000000000e+00 5.000000000000000000e+00 1.470789906696065685e+00
1.000000000000000056e-01 2.000000000000000042e-02 3.000000000000000000e+00 2.000000000000000000e+00 1.557632100795239838e+00
1.000000000000000056e-01 2.000000000000000042e-02 3.000000000000000000e+00 2.000000000000000000e+00 1.459983661746942829e+00
1.000000000000000056e-01 2.000000000000000042e-02 3.000000000000000000e+00 2.000000000000000000e+00 1.525558807730771571e+00
1.000000000000000056e-01 2.000000000000000042e-02 3.000000000000000000e+00 2.000000000000000000e+00 1.581558725066406712e+00
1.000000000000000056e-01 2.000000000000000042e-02 3.000000000000000000e+00 2.000000000000000000e+00 1.527442859056891589e+00
1.000000000000000056e-01 2.000000000000000042e-02 3.000000000000000000e+00 3.000000000000000000e+00 1.572465626375760150e+00
1.000000000000000056e-01 2.000000000000000042e-02 3.000000000000000000e+00 3.000000000000000000e+00 1.639471599617003728e+00
1.000000000000000056e-01 2.000000000000000042e-02 3.000000000000000000e+00 3.000000000000000000e+00 1.572882696811042536e+00
1.000000000000000056e-01 2.000000000000000042e-02 3.000000000000000000e+00 3.000000000000000000e+00 1.498040492610460461e+00
1.000000000000000056e-01 2.000000000000000042e-02 3.000000000000000000e+00 3.000000000000000000e+00 1.550635873708252399e+00
1.000000000000000056e-01 2.000000000000000042e-02 3.000000000000000000e+00 4.000000000000000000e+00 1.581773505231520049e+00
1.000000000000000056e-01 2.000000000000000042e-02 3.000000000000000000e+00 4.000000000000000000e+00 1.597618266279013488e+00
1.000000000000000056e-01 2.000000000000000042e-02 3.000000000000000000e+00 4.000000000000000000e+00 1.479344446244881039e+00
1.000000000000000056e-01 2.000000000000000042e-02 3.000000000000000000e+00 4.000000000000000000e+00 1.542674952344908368e+00
1.000000000000000056e-01 2.000000000000000042e-02 3.000000000000000000e+00 4.000000000000000000e+00 1.631124477432190689e+00
1.000000000000000056e-01 2.000000000000000042e-02 3.000000000000000000e+00 5.000000000000000000e+00 1.404348793770818560e+00
1.000000000000000056e-01 2.000000000000000042e-02 3.000000000000000000e+00 5.000000000000000000e+00 1.490082028086378463e+00
1.000000000000000056e-01 2.000000000000000042e-02 3.000000000000000000e+00 5.000000000000000000e+00 1.576713861438368669e+00
1.000000000000000056e-01 2.000000000000000042e-02 3.000000000000000000e+00 5.000000000000000000e+00 1.475751219409443538e+00
1.000000000000000056e-01 2.000000000000000042e-02 3.000000000000000000e+00 5.000000000000000000e+00 1.370618618272802847e+00
1.000000000000000056e-01 2.000000000000000042e-02 4.000000000000000000e+00 2.000000000000000000e+00 1.594995703368197848e+00
1.000000000000000056e-01 2.000000000000000042e-02 4.000000000000000000e+00 2.000000000000000000e+00 1.590357628675460155e+00
1.000000000000000056e-01 2.000000000000000042e-02 4.000000000000000000e+00 2.000000000000000000e+00 1.595497121634641191e+00
1.000000000000000056e-01 2.000000000000000042e-02 4.000000000000000000e+00 2.000000000000000000e+00 1.546839269717287246e+00
1.000000000000000056e-01 2.000000000000000042e-02 4.000000000000000000e+00 2.000000000000000000e+00 1.615729442908056646e+00
1.000000000000000056e-01 2.000000000000000042e-02 4.000000000000000000e+00 3.000000000000000000e+00 1.603416271516593161e+00
1.000000000000000056e-01 2.000000000000000042e-02 4.000000000000000000e+00 3.000000000000000000e+00 1.566439683287575768e+00
1.000000000000000056e-01 2.000000000000000042e-02 4.000000000000000000e+00 3.000000000000000000e+00 1.583738584754287748e+00
1.000000000000000056e-01 2.000000000000000042e-02 4.000000000000000000e+00 3.000000000000000000e+00 1.618229248531580566e+00
1.000000000000000056e-01 2.000000000000000042e-02 4.000000000000000000e+00 3.000000000000000000e+00 1.599105704857836541e+00
1.000000000000000056e-01 2.000000000000000042e-02 4.000000000000000000e+00 4.000000000000000000e+00 1.512840992118825501e+00
1.000000000000000056e-01 2.000000000000000042e-02 4.000000000000000000e+00 4.000000000000000000e+00 1.593842444048143348e+00
1.000000000000000056e-01 2.000000000000000042e-02 4.000000000000000000e+00 4.000000000000000000e+00 1.529724809910863126e+00
1.000000000000000056e-01 2.000000000000000042e-02 4.000000000000000000e+00 4.000000000000000000e+00 1.615159285021376290e+00
1.000000000000000056e-01 2.000000000000000042e-02 4.000000000000000000e+00 4.000000000000000000e+00 1.570320827892239146e+00
1.000000000000000056e-01 2.000000000000000042e-02 4.000000000000000000e+00 5.000000000000000000e+00 1.611652326984445605e+00
1.000000000000000056e-01 2.000000000000000042e-02 4.000000000000000000e+00 5.000000000000000000e+00 1.565050931656638111e+00
1.000000000000000056e-01 2.000000000000000042e-02 4.000000000000000000e+00 5.000000000000000000e+00 1.483299090218945349e+00
1.000000000000000056e-01 2.000000000000000042e-02 4.000000000000000000e+00 5.000000000000000000e+00 1.586930588639378525e+00
1.000000000000000056e-01 2.000000000000000042e-02 4.000000000000000000e+00 5.000000000000000000e+00 1.538485020317419627e+00
2.000000000000000111e-01 5.000000000000000104e-03 2.000000000000000000e+00 2.000000000000000000e+00 1.642677652359765705e+00
2.000000000000000111e-01 5.000000000000000104e-03 2.000000000000000000e+00 2.000000000000000000e+00 1.736039350281302296e+00
2.000000000000000111e-01 5.000000000000000104e-03 2.000000000000000000e+00 2.000000000000000000e+00 1.589105509594877619e+00
2.000000000000000111e-01 5.000000000000000104e-03 2.000000000000000000e+00 2.000000000000000000e+00 1.617532799621299588e+00
2.000000000000000111e-01 5.000000000000000104e-03 2.000000000000000000e+00 2.000000000000000000e+00 1.615376257288865025e+00
2.000000000000000111e-01 5.000000000000000104e-03 2.000000000000000000e+00 3.000000000000000000e+00 1.745704609382529471e+00
2.000000000000000111e-01 5.000000000000000104e-03 2.000000000000000000e+00 3.000000000000000000e+00 1.703797410185292405e+00
2.000000000000000111e-01 5.000000000000000104e-03 2.000000000000000000e+00 3.000000000000000000e+00 1.756253181501281846e+00
2.000000000000000111e-01 5.000000000000000104e-03 2.000000000000000000e+00 3.000000000000000000e+00 1.740065940853656068e+00
2.000000000000000111e-01 5.000000000000000104e-03 2.000000000000000000e+00 3.000000000000000000e+00 1.600634700088614082e+00
2.000000000000000111e-01 5.000000000000000104e-03 2.000000000000000000e+00 4.000000000000000000e+00 1.753186441895330017e+00
2.000000000000000111e-01 5.000000000000000104e-03 2.000000000000000000e+00 4.000000000000000000e+00 1.725110343246831546e+00
2.000000000000000111e-01 5.000000000000000104e-03 2.000000000000000000e+00 4.000000000000000000e+00 1.716674143307976630e+00
2.000000000000000111e-01 5.000000000000000104e-03 2.000000000000000000e+00 4.000000000000000000e+00 1.698096390799087141e+00
2.000000000000000111e-01 5.000000000000000104e-03 2.000000000000000000e+00 4.000000000000000000e+00 1.734212351856202483e+00
2.000000000000000111e-01 5.000000000000000104e-03 2.000000000000000000e+00 5.000000000000000000e+00 1.675559321538439894e+00
2.000000000000000111e-01 5.000000000000000104e-03 2.000000000000000000e+00 5.000000000000000000e+00 1.623975746111711693e+00
2.000000000000000111e-01 5.000000000000000104e-03 2.000000000000000000e+00 5.000000000000000000e+00 1.663848331647344470e+00
2.000000000000000111e-01 5.000000000000000104e-03 2.000000000000000000e+00 5.000000000000000000e+00 1.648199533412779472e+00
2.000000000000000111e-01 5.000000000000000104e-03 2.000000000000000000e+00 5.000000000000000000e+00 1.680346778610994019e+00
2.000000000000000111e-01 5.000000000000000104e-03 3.000000000000000000e+00 2.000000000000000000e+00 1.604823085619122347e+00
2.000000000000000111e-01 5.000000000000000104e-03 3.000000000000000000e+00 2.000000000000000000e+00 1.674612259135504821e+00
2.000000000000000111e-01 5.000000000000000104e-03 3.000000000000000000e+00 2.000000000000000000e+00 1.663640477303949927e+00
2.000000000000000111e-01 5.000000000000000104e-03 3.000000000000000000e+00 2.000000000000000000e+00 1.622176856093918484e+00
2.000000000000000111e-01 5.000000000000000104e-03 3.000000000000000000e+00 2.000000000000000000e+00 1.650991717955705651e+00
2.000000000000000111e-01 5.000000000000000104e-03 3.000000000000000000e+00 3.000000000000000000e+00 1.738222698740536698e+00
2.000000000000000111e-01 5.000000000000000104e-03 3.000000000000000000e+00 3.000000000000000000e+00 1.713841789745964572e+00
2.000000000000000111e-01 5.000000000000000104e-03 3.000000000000000000e+00 3.000000000000000000e+00 1.719210810274065082e+00
2.000000000000000111e-01 5.000000000000000104e-03 3.000000000000000000e+00 3.000000000000000000e+00 1.738770084820963957e+00
2.000000000000000111e-01 5.000000000000000104e-03 3.000000000000000000e+00 3.000000000000000000e+00 1.671960451649002311e+00
2.000000000000000111e-01 5.000000000000000104e-03 3.000000000000000000e+00 4.000000000000000000e+00 1.650782211534737254e+00
2.000000000000000111e-01 5.000000000000000104e-03 3.000000000000000000e+00 4.000000000000000000e+00 1.674427626352658516e+00
2.000000000000000111e-01 5.000000000000000104e-03 3.000000000000000000e+00 4.000000000000000000e+00 1.590439074613881010e+00
2.000000000000000111e-01 5.000000000000000104e-03 3.000000000000000000e+00 4.000000000000000000e+00 1.644514560424008121e+00
2.000000000000000111e-01 5.000000000000000104e-03 3.000000000000000000e+00 4.000000000000000000e+00 1.624614316206587583e+00
2.000000000000000111e-01 5.000000000000000104e-03 3.000000000000000000e+00 5.000000000000000000e+00 1.543324783255289878e+00
2.000000000000000111e-01 5.000000000000000104e-03 3.000000000000000000e+00 5.000000000000000000e+00 1.571052136308174640e+00
2.000000000000000111e-01 5.000000000000000104e-03 3.000000000000000000e+00 5.000000000000000000e+00 1.668420401252879604e+00
2.000000000000000111e-01 5.000000000000000104e-03 3.000000000000000000e+00 5.000000000000000000e+00 1.548022727397760701e+00
2.000000000000000111e-01 5.000000000000000104e-03 3.000000000000000000e+00 5.000000000000000000e+00 1.760955154645934773e+00
2.000000000000000111e-01 5.000000000000000104e-03 4.000000000000000000e+00 2.000000000000000000e+00 1.687040116649346499e+00
2.000000000000000111e-01 5.000000000000000104e-03 4.000000000000000000e+00 2.000000000000000000e+00 1.700008453938938846e+00
2.000000000000000111e-01 5.000000000000000104e-03 4.000000000000000000e+00 2.000000000000000000e+00 1.600424749324984353e+00
2.000000000000000111e-01 5.000000000000000104e-03 4.000000000000000000e+00 2.000000000000000000e+00 1.721670850749037696e+00
2.000000000000000111e-01 5.000000000000000104e-03 4.000000000000000000e+00 2.000000000000000000e+00 1.678935360566683022e+00
2.000000000000000111e-01 5.000000000000000104e-03 4.000000000000000000e+00 3.000000000000000000e+00 1.750991440598691717e+00
2.000000000000000111e-01 5.000000000000000104e-03 4.000000000000000000e+00 3.000000000000000000e+00 1.743682336958491064e+00
2.000000000000000111e-01 5.000000000000000104e-03 4.000000000000000000e+00 3.000000000000000000e+00 1.684862469612544933e+00
2.000000000000000111e-01 5.000000000000000104e-03 4.000000000000000000e+00 3.000000000000000000e+00 1.794066673750889906e+00
2.000000000000000111e-01 5.000000000000000104e-03 4.000000000000000000e+00 3.000000000000000000e+00 1.722428328542941145e+00
2.000000000000000111e-01 5.000000000000000104e-03 4.000000000000000000e+00 4.000000000000000000e+00 1.675831509931829277e+00
2.000000000000000111e-01 5.000000000000000104e-03 4.000000000000000000e+00 4.000000000000000000e+00 1.711843935066079680e+00
2.000000000000000111e-01 5.000000000000000104e-03 4.000000000000000000e+00 4.000000000000000000e+00 1.690676348320973688e+00
2.000000000000000111e-01 5.000000000000000104e-03 4.000000000000000000e+00 4.000000000000000000e+00 1.736852809570218925e+00
2.000000000000000111e-01 5.000000000000000104e-03 4.000000000000000000e+00 4.000000000000000000e+00 1.693839933124983155e+00
2.000000000000000111e-01 5.000000000000000104e-03 4.000000000000000000e+00 5.000000000000000000e+00 1.636813120070900629e+00
2.000000000000000111e-01 5.000000000000000104e-03 4.000000000000000000e+00 5.000000000000000000e+00 1.587805373062715519e+00
2.000000000000000111e-01 5.000000000000000104e-03 4.000000000000000000e+00 5.000000000000000000e+00 1.579584854713699915e+00
2.000000000000000111e-01 5.000000000000000104e-03 4.000000000000000000e+00 5.000000000000000000e+00 1.483501742925385392e+00
2.000000000000000111e-01 5.000000000000000104e-03 4.000000000000000000e+00 5.000000000000000000e+00 1.735250536133927213e+00
2.000000000000000111e-01 1.000000000000000021e-02 2.000000000000000000e+00 2.000000000000000000e+00 1.625218506939998697e+00
2.000000000000000111e-01 1.000000000000000021e-02 2.000000000000000000e+00 2.000000000000000000e+00 1.667317449853083833e+00
2.000000000000000111e-01 1.000000000000000021e-02 2.000000000000000000e+00 2.000000000000000000e+00 1.667209942189916250e+00
2.000000000000000111e-01 1.000000000000000021e-02 2.000000000000000000e+00 2.000000000000000000e+00 1.674691190230459092e+00
2.000000000000000111e-01 1.000000000000000021e-02 2.000000000000000000e+00 2.000000000000000000e+00 1.605034918703675428e+00
2.000000000000000111e-01 1.000000000000000021e-02 2.000000000000000000e+00 3.000000000000000000e+00 1.770503555410628538e+00
2.000000000000000111e-01 1.000000000000000021e-02 2.000000000000000000e+00 3.000000000000000000e+00 1.726975728110098363e+00
2.000000000000000111e-01 1.000000000000000021e-02 2.000000000000000000e+00 3.000000000000000000e+00 1.690077483613829923e+00
2.000000000000000111e-01 1.000000000000000021e-02 2.000000000000000000e+00 3.000000000000000000e+00 1.700106126704605591e+00
2.000000000000000111e-01 1.000000000000000021e-02 2.000000000000000000e+00 3.000000000000000000e+00 1.690974826383766505e+00
2.000000000000000111e-01 1.000000000000000021e-02 2.000000000000000000e+00 4.000000000000000000e+00 1.519702152905828108e+00
2.000000000000000111e-01 1.000000000000000021e-02 2.000000000000000000e+00 4.000000000000000000e+00 1.592984071278746194e+00
2.000000000000000111e-01 1.000000000000000021e-02 2.000000000000000000e+00 4.000000000000000000e+00 1.695014284854614806e+00
2.000000000000000111e-01 1.000000000000000021e-02 2.000000000000000000e+00 4.000000000000000000e+00 1.606178070756498100e+00
2.000000000000000111e-01 1.000000000000000021e-02 2.000000000000000000e+00 4.000000000000000000e+00 1.690947488282238398e+00
2.000000000000000111e-01 1.000000000000000021e-02 2.000000000000000000e+00 5.000000000000000000e+00 1.642198071608714338e+00
2.000000000000000111e-01 1.000000000000000021e-02 2.000000000000000000e+00 5.000000000000000000e+00 1.670237608543592822e+00
2.000000000000000111e-01 1.000000000000000021e-02 2.000000000000000000e+00 5.000000000000000000e+00 1.635014893259718827e+00
2.000000000000000111e-01 1.000000000000000021e-02 2.000000000000000000e+00 5.000000000000000000e+00 1.633662250445385267e+00
2.000000000000000111e-01 1.000000000000000021e-02 2.000000000000000000e+00 5.000000000000000000e+00 1.674842033837344868e+00
2.000000000000000111e-01 1.000000000000000021e-02 3.000000000000000000e+00 2.000000000000000000e+00 1.688601775301590946e+00
2.000000000000000111e-01 1.000000000000000021e-02 3.000000000000000000e+00 2.000000000000000000e+00 1.668952949505013272e+00
2.000000000000000111e-01 1.000000000000000021e-02 3.000000000000000000e+00 2.000000000000000000e+00 1.664541654010069260e+00
2.000000000000000111e-01 1.000000000000000021e-02 3.000000000000000000e+00 2.000000000000000000e+00 1.637209701354762847e+00
2.000000000000000111e-01 1.000000000000000021e-02 3.000000000000000000e+00 2.000000000000000000e+00 1.579340731292917743e+00
2.000000000000000111e-01 1.000000000000000021e-02 3.000000000000000000e+00 3.000000000000000000e+00 1.689408699613796250e+00
2.000000000000000111e-01 1.000000000000000021e-02 3.000000000000000000e+00 3.000000000000000000e+00 1.745051076654598576e+00
2.000000000000000111e-01 1.000000000000000021e-02 3.000000000000000000e+00 3.000000000000000000e+00 1.718267480991606089e+00
2.000000000000000111e-01 1.000000000000000021e-02 3.000000000000000000e+00 3.000000000000000000e+00 1.757509226328109131e+00
2.000000000000000111e-01 1.000000000000000021e-02 3.000000000000000000e+00 3.000000000000000000e+00 1.728447081914120664e+00
2.000000000000000111e-01 1.000000000000000021e-02 3.000000000000000000e+00 4.000000000000000000e+00 1.751171702149208587e+00
2.000000000000000111e-01 1.000000000000000021e-02 3.000000000000000000e+00 4.000000000000000000e+00 1.653654402355005049e+00
2.000000000000000111e-01 1.000000000000000021e-02 3.000000000000000000e+00 4.000000000000000000e+00 1.638816410976353888e+00
2.000000000000000111e-01 1.000000000000000021e-02 3.000000000000000000e+00 4.000000000000000000e+00 1.689268102048544273e+00
2.000000000000000111e-01 1.000000000000000021e-02 3.000000000000000000e+00 4.000000000000000000e+00 1.593937925280281442e+00
2.000000000000000111e-01 1.000000000000000021e-02 3.000000000000000000e+00 5.000000000000000000e+00 1.559261372716324257e+00
2.000000000000000111e-01 1.000000000000000021e-02 3.000000000000000000e+00 5.000000000000000000e+00 1.624037499181671285e+00
2.000000000000000111e-01 1.000000000000000021e-02 3.000000000000000000e+00 5.000000000000000000e+00 1.594998811427616348e+00
2.000000000000000111e-01 1.000000000000000021e-02 3.000000000000000000e+00 5.000000000000000000e+00 1.547157297484904159e+00
2.000000000000000111e-01 1.000000000000000021e-02 3.000000000000000000e+00 5.000000000000000000e+00 1.538928358038052169e+00
2.000000000000000111e-01 1.000000000000000021e-02 4.000000000000000000e+00 2.000000000000000000e+00 1.588555195413263954e+00
2.000000000000000111e-01 1.000000000000000021e-02 4.000000000000000000e+00 2.000000000000000000e+00 1.630905624433445888e+00
2.000000000000000111e-01 1.000000000000000021e-02 4.000000000000000000e+00 2.000000000000000000e+00 1.627605138448139144e+00
2.000000000000000111e-01 1.000000000000000021e-02 4.000000000000000000e+00 2.000000000000000000e+00 1.688305276407765509e+00
2.000000000000000111e-01 1.000000000000000021e-02 4.000000000000000000e+00 2.000000000000000000e+00 1.560469133264709596e+00
2.000000000000000111e-01 1.000000000000000021e-02 4.000000000000000000e+00 3.000000000000000000e+00 1.731645823651290383e+00
2.000000000000000111e-01 1.000000000000000021e-02 4.000000000000000000e+00 3.000000000000000000e+00 1.783028209710014966e+00
2.000000000000000111e-01 1.000000000000000021e-02 4.000000000000000000e+00 3.000000000000000000e+00 1.761140880816932874e+00
2.000000000000000111e-01 1.000000000000000021e-02 4.000000000000000000e+00 3.000000000000000000e+00 1.650463063888464310e+00
2.000000000000000111e-01 1.000000000000000021e-02 4.000000000000000000e+00 3.000000000000000000e+00 1.735587648021511109e+00
2.000000000000000111e-01 1.000000000000000021e-02 4.000000000000000000e+00 4.000000000000000000e+00 1.591136390849852367e+00
2.000000000000000111e-01 1.000000000000000021e-02 4.000000000000000000e+00 4.000000000000000000e+00 1.681472839838435540e+00
2.000000000000000111e-01 1.000000000000000021e-02 4.000000000000000000e+00 4.000000000000000000e+00 1.738835516790571578e+00
2.000000000000000111e-01 1.000000000000000021e-02 4.000000000000000000e+00 4.000000000000000000e+00 1.597930485572537362e+00
2.000000000000000111e-01 1.000000000000000021e-02 4.000000000000000000e+00 4.000000000000000000e+00 1.654948613675746971e+00
2.000000000000000111e-01 1.000000000000000021e-02 4.000000000000000000e+00 5.000000000000000000e+00 1.492336179528771956e+00
2.000000000000000111e-01 1.000000000000000021e-02 4.000000000000000000e+00 5.000000000000000000e+00 1.528784070547337004e+00
2.000000000000000111e-01 1.000000000000000021e-02 4.000000000000000000e+00 5.000000000000000000e+00 1.578211719016201275e+00
2.000000000000000111e-01 1.000000000000000021e-02 4.000000000000000000e+00 5.000000000000000000e+00 1.544560060024933179e+00
2.000000000000000111e-01 1.000000000000000021e-02 4.000000000000000000e+00 5.000000000000000000e+00 1.557324012604963226e+00
2.000000000000000111e-01 2.000000000000000042e-02 2.000000000000000000e+00 2.000000000000000000e+00 1.533469172020072380e+00
2.000000000000000111e-01 2.000000000000000042e-02 2.000000000000000000e+00 2.000000000000000000e+00 1.723619770413297614e+00
2.000000000000000111e-01 2.000000000000000042e-02 2.000000000000000000e+00 2.000000000000000000e+00 1.564770445994726034e+00
2.000000000000000111e-01 2.000000000000000042e-02 2.000000000000000000e+00 2.000000000000000000e+00 1.591996066497691764e+00
2.000000000000000111e-01 2.000000000000000042e-02 2.000000000000000000e+00 2.000000000000000000e+00 1.642322545127215871e+00
2.000000000000000111e-01 2.000000000000000042e-02 2.000000000000000000e+00 3.000000000000000000e+00 1.752002604526140983e+00
2.000000000000000111e-01 2.000000000000000042e-02 2.000000000000000000e+00 3.000000000000000000e+00 1.782758447955923975e+00
2.000000000000000111e-01 2.000000000000000042e-02 2.000000000000000000e+00 3.000000000000000000e+00 1.680730842007611470e+00
2.000000000000000111e-01 2.000000000000000042e-02 2.000000000000000000e+00 3.000000000000000000e+00 1.724320768563406991e+00
2.000000000000000111e-01 2.000000000000000042e-02 2.000000000000000000e+00 3.000000000000000000e+00 1.694629729658407191e+00
2.000000000000000111e-01 2.000000000000000042e-02 2.000000000000000000e+00 4.000000000000000000e+00 1.639744692991289332e+00
2.000000000000000111e-01 2.000000000000000042e-02 2.000000000000000000e+00 4.000000000000000000e+00 1.753818211765425295e+00
2.000000000000000111e-01 2.000000000000000042e-02 2.000000000000000000e+00 4.000000000000000000e+00 1.582919534403695927e+00
2.000000000000000111e-01 2.000000000000000042e-02 2.000000000000000000e+00 4.000000000000000000e+00 1.623254740141287344e+00
2.000000000000000111e-01 2.000000000000000042e-02 2.000000000000000000e+00 4.000000000000000000e+00 1.641459453535756063e+00
2.000000000000000111e-01 2.000000000000000042e-02 2.000000000000000000e+00 5.000000000000000000e+00 1.587698629297905839e+00
2.000000000000000111e-01 2.000000000000000042e-02 2.000000000000000000e+00 5.000000000000000000e+00 1.536856261202085072e+00
2.000000000000000111e-01 2.000000000000000042e-02 2.000000000000000000e+00 5.000000000000000000e+00 1.465330618237279836e+00
2.000000000000000111e-01 2.000000000000000042e-02 2.000000000000000000e+00 5.000000000000000000e+00 1.595782834577997855e+00
2.000000000000000111e-01 2.000000000000000042e-02 2.000000000000000000e+00 5.000000000000000000e+00 1.663602037105881948e+00
2.000000000000000111e-01 2.000000000000000042e-02 3.000000000000000000e+00 2.000000000000000000e+00 1.694271736137265227e+00
2.000000000000000111e-01 2.000000000000000042e-02 3.000000000000000000e+00 2.000000000000000000e+00 1.591639029347470258e+00
2.000000000000000111e-01 2.000000000000000042e-02 3.000000000000000000e+00 2.000000000000000000e+00 1.635780528644328768e+00
2.000000000000000111e-01 2.000000000000000042e-02 3.000000000000000000e+00 2.000000000000000000e+00 1.628328723936193656e+00
2.000000000000000111e-01 2.000000000000000042e-02 3.000000000000000000e+00 2.000000000000000000e+00 1.608870946070442898e+00
2.000000000000000111e-01 2.000000000000000042e-02 3.000000000000000000e+00 3.000000000000000000e+00 1.684241751401166720e+00
2.000000000000000111e-01 2.000000000000000042e-02 3.000000000000000000e+00 3.000000000000000000e+00 1.717281970179991513e+00
2.000000000000000111e-01 2.000000000000000042e-02 3.000000000000000000e+00 3.000000000000000000e+00 1.794391381777913796e+00
2.000000000000000111e-01 2.000000000000000042e-02 3.000000000000000000e+00 3.000000000000000000e+00 1.671494289156485902e+00
2.000000000000000111e-01 2.000000000000000042e-02 3.000000000000000000e+00 3.000000000000000000e+00 1.749735027943499555e+00
2.000000000000000111e-01 2.000000000000000042e-02 3.000000000000000000e+00 4.000000000000000000e+00 1.629776923850212222e+00
2.000000000000000111e-01 2.000000000000000042e-02 3.000000000000000000e+00 4.000000000000000000e+00 1.606575152736495538e+00
2.000000000000000111e-01 2.000000000000000042e-02 3.000000000000000000e+00 4.000000000000000000e+00 1.591170401531608380e+00
2.000000000000000111e-01 2.000000000000000042e-02 3.000000000000000000e+00 4.000000000000000000e+00 1.506468844889247372e+00
2.000000000000000111e-01 2.000000000000000042e-02 3.000000000000000000e+00 4.000000000000000000e+00 1.709453347613571372e+00
2.000000000000000111e-01 2.000000000000000042e-02 3.000000000000000000e+00 5.000000000000000000e+00 1.618176305107753343e+00
2.000000000000000111e-01 2.000000000000000042e-02 3.000000000000000000e+00 5.000000000000000000e+00 1.660297302376718243e+00
2.000000000000000111e-01 2.000000000000000042e-02 3.000000000000000000e+00 5.000000000000000000e+00 1.558200894926018654e+00
2.000000000000000111e-01 2.000000000000000042e-02 3.000000000000000000e+00 5.000000000000000000e+00 1.548555650022321650e+00
2.000000000000000111e-01 2.000000000000000042e-02 3.000000000000000000e+00 5.000000000000000000e+00 1.582746132277726758e+00
2.000000000000000111e-01 2.000000000000000042e-02 4.000000000000000000e+00 2.000000000000000000e+00 1.640355515686033216e+00
2.000000000000000111e-01 2.000000000000000042e-02 4.000000000000000000e+00 2.000000000000000000e+00 1.604421115589123481e+00
2.000000000000000111e-01 2.000000000000000042e-02 4.000000000000000000e+00 2.000000000000000000e+00 1.588226188502590119e+00
2.000000000000000111e-01 2.000000000000000042e-02 4.000000000000000000e+00 2.000000000000000000e+00 1.620371205467125986e+00
2.000000000000000111e-01 2.000000000000000042e-02 4.000000000000000000e+00 2.000000000000000000e+00 1.650260466943340498e+00
2.000000000000000111e-01 2.000000000000000042e-02 4.000000000000000000e+00 3.000000000000000000e+00 1.723568112438402355e+00
2.000000000000000111e-01 2.000000000000000042e-02 4.000000000000000000e+00 3.000000000000000000e+00 1.741263040429378073e+00
2.000000000000000111e-01 2.000000000000000042e-02 4.000000000000000000e+00 3.000000000000000000e+00 1.777852306220703893e+00
2.000000000000000111e-01 2.000000000000000042e-02 4.000000000000000000e+00 3.000000000000000000e+00 1.719652945168745894e+00
2.000000000000000111e-01 2.000000000000000042e-02 4.000000000000000000e+00 3.000000000000000000e+00 1.768403645130610879e+00
2.000000000000000111e-01 2.000000000000000042e-02 4.000000000000000000e+00 4.000000000000000000e+00 1.671263068881969183e+00
2.000000000000000111e-01 2.000000000000000042e-02 4.000000000000000000e+00 4.000000000000000000e+00 1.716044585516496523e+00
2.000000000000000111e-01 2.000000000000000042e-02 4.000000000000000000e+00 4.000000000000000000e+00 1.526501543495702773e+00
2.000000000000000111e-01 2.000000000000000042e-02 4.000000000000000000e+00 4.000000000000000000e+00 1.601865320147799032e+00
2.000000000000000111e-01 2.000000000000000042e-02 4.000000000000000000e+00 4.000000000000000000e+00 1.672595613782760005e+00
2.000000000000000111e-01 2.000000000000000042e-02 4.000000000000000000e+00 5.000000000000000000e+00 1.536166128328232627e+00
2.000000000000000111e-01 2.000000000000000042e-02 4.000000000000000000e+00 5.000000000000000000e+00 1.547217706016279060e+00
2.000000000000000111e-01 2.000000000000000042e-02 4.000000000000000000e+00 5.000000000000000000e+00 1.583465116703216991e+00
2.000000000000000111e-01 2.000000000000000042e-02 4.000000000000000000e+00 5.000000000000000000e+00 1.640378238887198137e+00
2.000000000000000111e-01 2.000000000000000042e-02 4.000000000000000000e+00 5.000000000000000000e+00 1.506086668789210936e+00
